Wavelength(nm)      SolarFlux(mW/m^2/nm)
1.00000000e+00      9.80778853e-01      
1.37500000e+00      3.70529775e+00      
2.12500000e+00      1.68200996e+00      
2.87500000e+00      1.22534456e+00      
3.62500000e+00      1.01093330e+00      
4.12500000e+00      4.85869753e-01      
4.37500000e+00      4.53069516e-01      
4.62500000e+00      4.34520504e-01      
4.87500000e+00      3.17837029e-01      
5.12500000e+00      4.13279739e-01      
5.37500000e+00      4.53268315e-01      
5.62500000e+00      2.49315568e-01      
5.87500000e+00      2.78514930e-01      
6.12500000e+00      2.47478340e-01      
6.37500000e+00      4.99952850e-01      
6.62500000e+00      4.12422520e-01      
6.87500000e+00      3.02429782e-01      
7.12500000e+00      1.52176910e-01      
7.37500000e+00      2.14447707e-01      
7.62500000e+00      1.64563017e-01      
7.87500000e+00      1.23269629e-01      
8.12500000e+00      1.20516879e-01      
8.37500000e+00      1.12781972e-01      
8.62500000e+00      1.16686937e-01      
8.87500000e+00      1.34662399e-01      
9.12500000e+00      1.17921228e-01      
9.37500000e+00      1.59578388e-01      
9.62500000e+00      8.77513226e-02      
9.87500000e+00      1.34945564e-01      
1.01250000e+01      1.35985762e+00      
1.03750000e+01      1.36014358e+00      
1.06250000e+01      1.36014358e+00      
1.08750000e+01      1.36014358e+00      
1.11250000e+01      1.36014358e+00      
1.13750000e+01      1.36014358e+00      
1.16250000e+01      1.36014358e+00      
1.18750000e+01      1.36014358e+00      
1.21000000e+01      1.36014358e+00      
1.23000001e+01      1.36014358e+00      
1.25000001e+01      1.36014358e+00      
1.27000002e+01      1.36014358e+00      
1.31125002e+01      1.36014358e+00      
1.37375002e+01      1.36014358e+00      
1.43625002e+01      1.36014358e+00      
1.49875002e+01      1.36014358e+00      
1.55875002e+01      1.36014358e+00      
1.61625003e+01      1.36014358e+00      
1.67375003e+01      1.36014358e+00      
1.73125004e+01      1.36014358e+00      
1.79625003e+01      1.36014358e+00      
1.86875002e+01      1.36014358e+00      
1.94125001e+01      1.36014358e+00      
2.01375000e+01      1.24614503e+00      
2.08250000e+01      1.19284704e+00      
2.14750001e+01      1.19284704e+00      
2.21250002e+01      1.19284704e+00      
2.27750003e+01      1.19284704e+00      
2.35875003e+01      1.19284704e+00      
2.45625002e+01      1.19284704e+00      
2.55375001e+01      1.19284704e+00      
2.65125000e+01      1.19284704e+00      
2.71250000e+01      1.19284704e+00      
2.73750000e+01      1.19284704e+00      
2.76250000e+01      1.19284704e+00      
2.78750000e+01      1.19284704e+00      
2.82500000e+01      1.19284704e+00      
2.87500000e+01      1.19284704e+00      
2.92500000e+01      1.19284704e+00      
2.97500000e+01      1.19283151e+00      
3.02500000e+01      1.05339477e+00      
3.07500000e+01      1.05337924e+00      
3.12500000e+01      1.05337924e+00      
3.17500000e+01      1.05337924e+00      
3.22500000e+01      1.05337924e+00      
3.27500000e+01      1.05337924e+00      
3.32500000e+01      1.05337924e+00      
3.37500000e+01      1.05337924e+00      
3.42500000e+01      1.05337924e+00      
3.47500000e+01      1.05337924e+00      
3.52500000e+01      1.05337924e+00      
3.57500000e+01      1.05337924e+00      
3.61250000e+01      1.05337924e+00      
3.63750000e+01      1.05337924e+00      
3.66250000e+01      1.05337924e+00      
3.68750000e+01      1.05337924e+00      
3.73750000e+01      1.05337924e+00      
3.81250000e+01      1.05337924e+00      
3.88750000e+01      1.05337924e+00      
3.96250000e+01      1.05330278e+00      
4.03750000e+01      2.31593832e-02      
4.11250000e+01      2.30829166e-02      
4.18750000e+01      2.30829166e-02      
4.26250000e+01      2.30829166e-02      
4.33750000e+01      2.30829166e-02      
4.41250000e+01      2.30829166e-02      
4.48750000e+01      2.30829166e-02      
4.56250000e+01      2.30829166e-02      
4.62500000e+01      2.30829166e-02      
4.67500000e+01      2.30829166e-02      
4.72500000e+01      2.30829166e-02      
4.77500000e+01      2.30829166e-02      
4.82500000e+01      2.30829166e-02      
4.87500000e+01      2.30829166e-02      
4.92500000e+01      2.30829166e-02      
4.97500000e+01      2.30847696e-02      
5.02500000e+01      3.97260433e-02      
5.07500000e+01      3.97278963e-02      
5.12500000e+01      3.97278963e-02      
5.17500000e+01      3.97278963e-02      
5.22500000e+01      3.97278963e-02      
5.27500000e+01      3.97278963e-02      
5.32500000e+01      3.97278963e-02      
5.37500000e+01      3.97278963e-02      
5.42500000e+01      3.97278963e-02      
5.47500000e+01      3.97278963e-02      
5.52500000e+01      3.97278963e-02      
5.57500000e+01      3.97278963e-02      
5.62500000e+01      3.97278963e-02      
5.67500000e+01      3.97278963e-02      
5.72500000e+01      3.97278963e-02      
5.77500000e+01      3.97278963e-02      
5.82500000e+01      3.97278963e-02      
5.87500000e+01      3.97278963e-02      
5.92500000e+01      3.97278963e-02      
5.97500000e+01      3.97295215e-02      
6.02500000e+01      5.43245179e-02      
6.07500000e+01      5.43261431e-02      
6.12500000e+01      5.43261431e-02      
6.17500000e+01      5.43261431e-02      
6.21250000e+01      5.43261431e-02      
6.23750000e+01      5.43261431e-02      
6.26250000e+01      5.43261431e-02      
6.28750000e+01      5.43261431e-02      
6.36250000e+01      5.43261431e-02      
6.48750000e+01      5.43261431e-02      
6.61250000e+01      5.43261431e-02      
6.73750000e+01      5.43261431e-02      
6.83750000e+01      5.43261431e-02      
6.91250000e+01      5.43261431e-02      
6.98750000e+01      5.70685247e-02      
7.06250000e+01      6.25532880e-02      
7.13750000e+01      6.25532880e-02      
7.21250000e+01      6.25532880e-02      
7.28750000e+01      6.25532880e-02      
7.36250000e+01      6.25532880e-02      
7.43750000e+01      6.25532880e-02      
7.51250000e+01      6.25532880e-02      
7.58750000e+01      6.25532880e-02      
7.66250000e+01      6.25532880e-02      
7.71250000e+01      6.25532880e-02      
7.73750000e+01      6.25532880e-02      
7.76250000e+01      6.25532880e-02      
7.78750000e+01      6.25532880e-02      
7.81250000e+01      6.25532880e-02      
7.83750000e+01      6.25532880e-02      
7.86250000e+01      6.25532880e-02      
7.88750000e+01      6.25532880e-02      
7.91250000e+01      6.25532880e-02      
7.93750000e+01      6.25532880e-02      
7.96250000e+01      6.25532880e-02      
7.98750000e+01      6.59178115e-02      
8.03750000e+01      7.26468587e-02      
8.11250000e+01      7.26468587e-02      
8.18750000e+01      7.26468587e-02      
8.26250000e+01      7.26468587e-02      
8.30749998e+01      7.26468587e-02      
8.32249994e+01      7.26468587e-02      
8.33749990e+01      7.26468587e-02      
8.35249987e+01      7.26468587e-02      
8.38999987e+01      7.26468587e-02      
8.44999990e+01      7.26468587e-02      
8.50999994e+01      7.26468587e-02      
8.56999998e+01      7.26468587e-02      
8.60625000e+01      7.26468587e-02      
8.61875000e+01      7.26468587e-02      
8.63125000e+01      7.26468587e-02      
8.64375000e+01      7.26468587e-02      
8.65625000e+01      7.26468587e-02      
8.66875000e+01      7.26468587e-02      
8.68125000e+01      7.26468587e-02      
8.69375000e+01      7.26468587e-02      
8.70625000e+01      7.26468587e-02      
8.71875000e+01      7.26468587e-02      
8.73125000e+01      7.26468587e-02      
8.74375000e+01      7.26468587e-02      
8.75625000e+01      7.26468587e-02      
8.76875000e+01      7.26468587e-02      
8.78125000e+01      7.26468587e-02      
8.79375000e+01      7.26468587e-02      
8.80625000e+01      7.26468587e-02      
8.81875000e+01      7.26468587e-02      
8.83125000e+01      7.26468587e-02      
8.84375000e+01      7.26468587e-02      
8.85625000e+01      7.26468587e-02      
8.86875000e+01      7.26468587e-02      
8.88125000e+01      7.26468587e-02      
8.89375000e+01      7.26468587e-02      
8.90625000e+01      7.26468587e-02      
8.91875000e+01      7.26468587e-02      
8.93125000e+01      7.26468587e-02      
8.94375000e+01      7.26468587e-02      
8.95625000e+01      7.26468587e-02      
8.96875000e+01      7.26468587e-02      
8.98125000e+01      7.26468587e-02      
8.99375000e+01      7.26468587e-02      
9.00625000e+01      7.26468587e-02      
9.01875000e+01      7.26468587e-02      
9.03125000e+01      7.26468587e-02      
9.04375000e+01      7.26468587e-02      
9.05749998e+01      7.26468587e-02      
9.07249994e+01      7.26468587e-02      
9.08749990e+01      7.26468587e-02      
9.10249987e+01      7.26468587e-02      
9.11499987e+01      7.26915635e-02      
9.12499990e+01      1.64842675e-01      
9.13499994e+01      1.64894023e-01      
9.14499998e+01      1.64894023e-01      
9.15625000e+01      1.64894023e-01      
9.16875000e+01      1.64894023e-01      
9.18125000e+01      1.64894023e-01      
9.19375000e+01      1.64894023e-01      
9.20375004e+01      1.64894023e-01      
9.21125011e+01      1.64894023e-01      
9.21875019e+01      1.64894023e-01      
9.22625027e+01      1.64894023e-01      
9.23500023e+01      1.64894023e-01      
9.24500008e+01      1.64894023e-01      
9.25499992e+01      1.64894023e-01      
9.26499977e+01      1.64894023e-01      
9.27374973e+01      1.64894023e-01      
9.28124981e+01      1.64894023e-01      
9.28874989e+01      1.64894023e-01      
9.29624996e+01      1.64894023e-01      
9.30375004e+01      1.64894023e-01      
9.31125011e+01      1.64894023e-01      
9.31875019e+01      1.64894023e-01      
9.32625027e+01      1.64894023e-01      
9.33625031e+01      1.64894023e-01      
9.34875031e+01      1.64894023e-01      
9.36125031e+01      1.64894023e-01      
9.37375031e+01      1.64894023e-01      
9.38500023e+01      1.64894023e-01      
9.39500008e+01      1.64894023e-01      
9.40499992e+01      1.64894023e-01      
9.41499977e+01      1.64894023e-01      
9.42749977e+01      1.64894023e-01      
9.44249992e+01      1.64894023e-01      
9.45750008e+01      1.64894023e-01      
9.47250023e+01      1.64894023e-01      
9.48375025e+01      1.64894023e-01      
9.49125013e+01      1.64894023e-01      
9.49875002e+01      1.64894023e-01      
9.50624990e+01      1.64894023e-01      
9.51374989e+01      1.64894023e-01      
9.52124996e+01      1.64894023e-01      
9.52875004e+01      1.64894023e-01      
9.53625011e+01      1.64894023e-01      
9.54250011e+01      1.64894023e-01      
9.54750004e+01      1.64894023e-01      
9.55249996e+01      1.64894023e-01      
9.55749989e+01      1.64894023e-01      
9.56124983e+01      1.64894023e-01      
9.56374979e+01      1.64894023e-01      
9.56624975e+01      1.64894023e-01      
9.56874971e+01      1.64894023e-01      
9.57499971e+01      1.64894023e-01      
9.58499975e+01      1.64894023e-01      
9.59499979e+01      1.64894023e-01      
9.60499983e+01      1.64894023e-01      
9.61624985e+01      1.64894023e-01      
9.62874985e+01      1.64894023e-01      
9.64124985e+01      1.64894023e-01      
9.65374985e+01      1.64894023e-01      
9.66124983e+01      1.64894023e-01      
9.66374979e+01      1.64894023e-01      
9.66624975e+01      1.64894023e-01      
9.66874971e+01      1.64894023e-01      
9.67499971e+01      1.64894023e-01      
9.68499975e+01      1.64894023e-01      
9.69499979e+01      1.64894023e-01      
9.70499983e+01      1.64894023e-01      
9.71499987e+01      1.64894023e-01      
9.72499990e+01      1.64894023e-01      
9.73499994e+01      1.64894023e-01      
9.74499998e+01      1.64894023e-01      
9.75625000e+01      1.64894023e-01      
9.76875000e+01      1.64894023e-01      
9.78125000e+01      1.64894023e-01      
9.79375000e+01      1.64894023e-01      
9.80625000e+01      1.64894023e-01      
9.81875000e+01      1.64894023e-01      
9.83125000e+01      1.64894023e-01      
9.84375000e+01      1.64894023e-01      
9.85124998e+01      1.64894023e-01      
9.85374994e+01      1.64894023e-01      
9.85624990e+01      1.64894023e-01      
9.85874987e+01      1.64894023e-01      
9.86249990e+01      1.64894023e-01      
9.86750002e+01      1.64894023e-01      
9.87250013e+01      1.64894023e-01      
9.87750025e+01      1.64894023e-01      
9.88375025e+01      1.64894023e-01      
9.89125013e+01      1.64894023e-01      
9.89875002e+01      1.64894023e-01      
9.90624990e+01      1.64894023e-01      
9.91249990e+01      1.64894023e-01      
9.91750002e+01      1.64894023e-01      
9.92250013e+01      1.64894023e-01      
9.92750025e+01      1.64894023e-01      
9.93875029e+01      1.64894023e-01      
9.95625025e+01      1.64894023e-01      
9.97375021e+01      1.64894023e-01      
9.99125017e+01      1.64894023e-01      
1.00300001e+02      1.64894023e-01      
1.00900002e+02      1.64894023e-01      
1.01500002e+02      1.64894023e-01      
1.02100002e+02      1.64894023e-01      
1.02475001e+02      1.64894023e-01      
1.02625001e+02      1.64894023e-01      
1.02775001e+02      1.64894023e-01      
1.02925000e+02      1.64894023e-01      
1.03062500e+02      1.64894023e-01      
1.03187500e+02      1.64894023e-01      
1.03312500e+02      1.64894023e-01      
1.03437500e+02      1.64894023e-01      
1.03625000e+02      1.64894023e-01      
1.03875000e+02      1.64894023e-01      
1.04125000e+02      1.64894023e-01      
1.04375000e+02      1.64894023e-01      
1.04650000e+02      1.64894023e-01      
1.04949999e+02      1.64894023e-01      
1.05249998e+02      1.64894023e-01      
1.05549997e+02      1.64894023e-01      
1.05862497e+02      1.64894023e-01      
1.06187498e+02      1.64894023e-01      
1.06512499e+02      1.64894023e-01      
1.06837500e+02      1.64894023e-01      
1.07125000e+02      1.64894023e-01      
1.07375000e+02      1.64894023e-01      
1.07625000e+02      1.64894023e-01      
1.07875000e+02      1.64894023e-01      
1.08125000e+02      1.64894023e-01      
1.08375000e+02      1.64894023e-01      
1.08625000e+02      1.64894023e-01      
1.08875000e+02      1.64894023e-01      
1.09125000e+02      1.64894023e-01      
1.09375000e+02      1.64894023e-01      
1.09625000e+02      1.64894023e-01      
1.09875000e+02      1.64894023e-01      
1.10125000e+02      1.64894023e-01      
1.10375000e+02      1.64894023e-01      
1.10625000e+02      1.64894023e-01      
1.10875000e+02      1.64894023e-01      
1.11013889e+02      1.64894023e-01      
1.11041667e+02      1.64894023e-01      
1.11069445e+02      1.64894023e-01      
1.11097223e+02      1.64894023e-01      
1.11222223e+02      1.64894023e-01      
1.11444445e+02      1.64894023e-01      
1.11666667e+02      1.64894023e-01      
1.11888889e+02      1.64894023e-01      
1.12125000e+02      1.64894023e-01      
1.12375000e+02      1.64894023e-01      
1.12625000e+02      1.64894023e-01      
1.12875000e+02      1.64894023e-01      
1.13125000e+02      1.64894023e-01      
1.13375000e+02      1.64894023e-01      
1.13625000e+02      1.64894023e-01      
1.13875000e+02      1.64894023e-01      
1.14125000e+02      1.64894023e-01      
1.14375000e+02      1.64894023e-01      
1.14625000e+02      1.64894023e-01      
1.14875000e+02      1.64894023e-01      
1.15087500e+02      1.64894023e-01      
1.15262499e+02      1.64894023e-01      
1.15437498e+02      1.64894023e-01      
1.15612497e+02      1.64894023e-01      
1.15774998e+02      1.64894023e-01      
1.15924999e+02      1.64894023e-01      
1.16075001e+02      1.64894023e-01      
1.16225002e+02      1.64894023e-01      
1.16387503e+02      1.64894023e-01      
1.16562502e+02      1.64894023e-01      
1.16737501e+02      1.64894023e-01      
1.16912500e+02      1.64830507e-01      
1.17075000e+02      4.69331327e-02      
1.17224999e+02      4.17103241e-02      
1.17374999e+02      5.35935319e-02      
1.17524999e+02      1.45480300e+00      
1.17687499e+02      5.80214312e-01      
1.17862500e+02      3.07588582e-02      
1.18037501e+02      1.92434691e-02      
1.18212502e+02      2.20358653e-02      
1.18387503e+02      2.86382308e-02      
1.18562502e+02      1.91597621e-02      
1.18737501e+02      3.98122823e-02      
1.18912500e+02      7.65899233e-02      
1.19100000e+02      8.17453273e-02      
1.19300001e+02      1.01168614e-01      
1.19500002e+02      1.26551709e-01      
1.19700003e+02      6.56819481e-02      
1.19887503e+02      8.66261170e-02      
1.20062502e+02      9.68549039e-02      
1.20237501e+02      7.71088316e-02      
1.20412500e+02      6.91884666e-02      
1.20587500e+02      1.07154773e+00      
1.20762499e+02      4.65117991e-01      
1.20937498e+02      1.98311291e-01      
1.21112497e+02      3.62436544e-01      
1.21299997e+02      1.35096776e+00      
1.21499998e+02      1.54938362e+02      
1.21699999e+02      5.50144181e+01      
1.21900000e+02      1.36747811e+00      
1.22087500e+02      3.15469477e-01      
1.22262499e+02      1.58722267e-01      
1.22437498e+02      1.00398061e-01      
1.22612497e+02      7.41671409e-02      
1.22799997e+02      7.09139524e-02      
1.22999998e+02      5.95118054e-02      
1.23199999e+02      4.03277462e-02      
1.23400000e+02      4.15303557e-02      
1.23587500e+02      3.16749860e-02      
1.23762499e+02      5.32256813e-01      
1.23937498e+02      8.10251939e-01      
1.24112497e+02      8.06231602e-02      
1.24299997e+02      6.11793254e-01      
1.24499998e+02      3.03375631e-02      
1.24699999e+02      4.45753112e-02      
1.24900000e+02      3.16382079e-02      
1.25100000e+02      4.60805576e-02      
1.25300001e+02      5.64908426e-02      
1.25500002e+02      3.19213520e-02      
1.25700003e+02      6.09869101e-02      
1.25900002e+02      7.55817183e-02      
1.26100001e+02      1.36022056e-01      
1.26300000e+02      1.54882080e-02      
1.26499999e+02      3.14181363e-01      
1.26699999e+02      5.92868380e-02      
1.26900000e+02      1.83435652e-02      
1.27100000e+02      2.63966661e-02      
1.27300001e+02      1.84928667e-02      
1.27500001e+02      5.31574836e-02      
1.27700000e+02      8.76552906e-02      
1.27899999e+02      5.02943322e-02      
1.28099998e+02      4.25253408e-02      
1.28299997e+02      1.63595333e-02      
1.28499998e+02      1.51209866e-02      
1.28699999e+02      8.99029369e-03      
1.28900000e+02      4.73119697e-02      
1.29112499e+02      2.75769539e-02      
1.29337498e+02      4.00098990e-02      
1.29562496e+02      5.27552353e-02      
1.29787495e+02      4.63072338e-02      
1.29999994e+02      7.46819261e-02      
1.30199995e+02      5.53486037e-02      
1.30399996e+02      8.44987467e-02      
1.30599997e+02      1.70735154e-02      
1.30812498e+02      4.24648161e-02      
1.31037500e+02      1.26715169e-01      
1.31262503e+02      5.70878486e-02      
1.31487505e+02      3.94694071e-02      
1.31700005e+02      4.07433477e-02      
1.31900002e+02      4.18801599e-02      
1.32099998e+02      1.28838917e-02      
1.32299995e+02      3.40159122e-02      
1.32512495e+02      2.42551632e-02      
1.32737497e+02      2.83368988e-02      
1.32962500e+02      1.07785725e-01      
1.33187502e+02      7.18626502e-03      
1.33412502e+02      1.46418831e+00      
1.33637501e+02      2.03420922e+00      
1.33862499e+02      2.41330793e-02      
1.34087498e+02      2.02742505e-02      
1.34312498e+02      1.80070806e-02      
1.34537500e+02      1.18202098e-02      
1.34762503e+02      1.40285972e-02      
1.34987505e+02      3.53695873e-02      
1.35212505e+02      8.60052398e-02      
1.35437504e+02      2.56083061e-02      
1.35662502e+02      3.04171830e-02      
1.35887501e+02      3.11738251e-02      
1.36125000e+02      3.64102804e-02      
1.36375000e+02      3.97965386e-02      
1.36625000e+02      2.25034444e-02      
1.36875000e+02      2.27807244e-02      
1.37112499e+02      6.25667576e-02      
1.37337498e+02      2.76353449e-02      
1.37562496e+02      1.89497879e-02      
1.37787495e+02      2.32113181e-02      
1.38024994e+02      2.00358312e-02      
1.38274994e+02      1.42766277e-02      
1.38524994e+02      2.40396189e-02      
1.38774994e+02      1.85232375e-02      
1.39137495e+02      2.73578678e-01      
1.39612497e+02      1.59078159e-01      
1.40087500e+02      2.11296900e-01      
1.40562502e+02      7.07360639e-02      
1.41050003e+02      5.19142728e-02      
1.41550003e+02      3.02573274e-02      
1.42050003e+02      2.95024232e-02      
1.42550003e+02      4.38154036e-02      
1.42807146e+02      1.56002831e-02      
1.42821433e+02      3.43655850e-02      
1.42835719e+02      3.43655850e-02      
1.42850006e+02      3.93825086e-02      
1.43112505e+02      5.81392271e-02      
1.43623216e+02      4.09012242e-02      
1.44133927e+02      2.17083961e-02      
1.44644638e+02      3.63988330e-02      
1.45162495e+02      2.71022643e-02      
1.45687496e+02      5.26649140e-02      
1.46212498e+02      8.22836962e-02      
1.46737499e+02      6.22552660e-02      
1.47275000e+02      7.86264089e-02      
1.47824999e+02      2.98633829e-02      
1.48374998e+02      1.05123167e-01      
1.48924997e+02      7.71880018e-02      
1.49487497e+02      5.39517742e-02      
1.50062498e+02      6.07424054e-02      
1.50637499e+02      6.11944782e-02      
1.51212500e+02      5.92156100e-02      
1.51787500e+02      4.76187151e-02      
1.52362501e+02      9.77512948e-02      
1.52937502e+02      9.11002532e-02      
1.53512503e+02      1.48136345e-01      
1.54100002e+02      7.84400493e-02      
1.54700001e+02      1.60529243e+00      
1.55299999e+02      8.74710020e-01      
1.55899998e+02      4.17690830e-01      
1.56512497e+02      5.48636109e-02      
1.57137497e+02      6.07885128e-02      
1.57762497e+02      4.02894248e-02      
1.58387497e+02      5.26255483e-02      
1.59024998e+02      8.11263367e-02      
1.59674999e+02      6.82281775e-02      
1.60325001e+02      7.91131876e-02      
1.60975002e+02      7.79337116e-02      
1.61625002e+02      5.44632969e-02      
1.62275000e+02      4.73764584e-02      
1.62924997e+02      7.67760060e-02      
1.63574995e+02      4.72754226e-02      
1.64245829e+02      1.16239098e+00      
1.64937498e+02      3.33944057e-02      
1.65629167e+02      1.00921594e+00      
1.66320837e+02      6.32822133e-02      
1.66670837e+02      9.35968983e-02      
1.66679169e+02      1.62958027e-01      
1.66687500e+02      1.62958027e-01      
1.66695831e+02      6.64133219e-02      
1.67049997e+02      2.97347524e-01      
1.67749998e+02      6.44782771e-02      
1.68449999e+02      2.70801062e-02      
1.69150000e+02      2.63596230e-02      
1.69862499e+02      8.27802019e-02      
1.70587498e+02      3.67545719e-02      
1.71312496e+02      1.42683894e-01      
1.72037495e+02      7.57798787e-02      
1.72587494e+02      6.76681960e-02      
1.72962494e+02      3.31499187e-02      
1.73337494e+02      4.15114817e-03      
1.73712494e+02      3.14347219e-04      
1.74087494e+02      6.64707260e-04      
1.74462494e+02      5.64193029e-02      
1.74837494e+02      1.53657628e-02      
1.75212494e+02      1.18899331e-02      
1.75599995e+02      1.18899331e-02      
1.75999996e+02      1.18899331e-02      
1.76399998e+02      1.18899331e-02      
1.76799999e+02      1.18899331e-02      
1.77200001e+02      1.18899331e-02      
1.77600002e+02      1.18899331e-02      
1.78000004e+02      1.18899331e-02      
1.78400005e+02      1.18899331e-02      
1.78800005e+02      1.18899331e-02      
1.79200003e+02      1.18899331e-02      
1.79600000e+02      1.18899331e-02      
1.79999998e+02      1.18899331e-02      
1.80399998e+02      6.03197776e-01      
1.80799999e+02      2.15805611e-01      
1.81200001e+02      1.65122107e+00      
1.81600002e+02      3.60600168e-01      
1.82012503e+02      8.12980077e-02      
1.82437502e+02      7.63745324e-02      
1.82862501e+02      1.18194368e-02      
1.83287500e+02      6.97213171e-02      
1.83712500e+02      1.84370346e-02      
1.84137499e+02      1.71266111e-02      
1.84562498e+02      1.75633996e-03      
1.84987497e+02      9.89213463e-04      
1.85412497e+02      3.92990199e-03      
1.85837496e+02      7.46894591e-02      
1.86262495e+02      7.68781602e-03      
1.86687494e+02      3.38535963e-02      
1.87124994e+02      7.29806642e-02      
1.87574995e+02      9.33862826e-02      
1.88024996e+02      5.52006492e-02      
1.88474997e+02      7.79173368e-02      
1.88924997e+02      4.30354092e-02      
1.89374998e+02      8.57036038e-02      
1.89824999e+02      9.52234996e-02      
1.90275000e+02      7.67901577e-02      
1.90725000e+02      6.99703093e-02      
1.91175001e+02      1.24255638e-01      
1.91625002e+02      6.84809788e-02      
1.92075003e+02      3.97979375e-02      
1.92537502e+02      3.21119087e-02      
1.93012501e+02      1.47621522e-01      
1.93487499e+02      5.37103724e-02      
1.93962498e+02      1.01553948e-01      
1.94437498e+02      7.17493511e-03      
1.94912500e+02      2.93512352e-02      
1.95387503e+02      4.26985109e-02      
1.95862505e+02      8.60060694e-02      
1.96337505e+02      5.23706339e-03      
1.96812504e+02      5.06635216e-02      
1.97287502e+02      7.97051662e-03      
1.97762501e+02      4.89326582e-02      
1.98250000e+02      2.31782361e-02      
1.98750000e+02      1.32041987e-02      
1.99250000e+02      6.69273892e-02      
1.99750000e+02      4.18272950e-02      
2.00000000e+02      9.70779706e-03      
2.00000001e+02      9.70779706e-03      
2.00000002e+02      9.70779706e-03      
2.00000003e+02      1.43545780e-02      
2.00250003e+02      7.50092657e-02      
2.00750002e+02      4.11837930e-02      
2.01250001e+02      1.96580262e-02      
2.01750000e+02      8.42177092e-02      
2.02262501e+02      1.96445168e-02      
2.02787502e+02      4.70276587e-02      
2.03312504e+02      3.01337220e-02      
2.03837505e+02      5.10999345e-02      
2.04362505e+02      6.28813621e-02      
2.04887503e+02      1.66124720e-02      
2.05412500e+02      4.61117930e-02      
2.05937498e+02      6.30980838e-02      
2.06462498e+02      7.99111582e-02      
2.06987499e+02      1.03062118e-01      
2.07512501e+02      6.80847035e-02      
2.08037502e+02      2.48169999e-02      
2.08575003e+02      2.56341143e-02      
2.09125002e+02      1.93563100e-03      
2.09675001e+02      3.06722220e-02      
2.10225000e+02      4.02870478e-02      
2.10787500e+02      4.94204848e-02      
2.11362501e+02      3.61407642e-02      
2.11937502e+02      3.56240490e-02      
2.12512503e+02      9.42455888e-02      
2.13087503e+02      7.16565213e-02      
2.13662504e+02      6.15589989e-02      
2.14237505e+02      7.75635076e-02      
2.14812506e+02      5.04817553e-02      
2.15387505e+02      4.12522082e-02      
2.15962502e+02      6.62336317e-02      
2.16537498e+02      1.08119244e-01      
2.17112495e+02      7.63197565e-02      
2.17724995e+02      1.00927629e-01      
2.18374996e+02      8.35514767e-02      
2.19024998e+02      6.15257873e-02      
2.19674999e+02      2.61774475e-02      
2.20275000e+02      7.18768960e-02      
2.20824999e+02      1.05813731e-01      
2.21374998e+02      1.57255318e-01      
2.21924997e+02      1.86827315e-01      
2.22512497e+02      1.07718392e-01      
2.23137497e+02      6.25057304e-02      
2.23762497e+02      5.97912778e-02      
2.24387497e+02      5.96334421e-02      
2.25024998e+02      1.70603073e-01      
2.25674999e+02      1.69343402e-01      
2.26325001e+02      2.27564605e-01      
2.26975002e+02      1.81233380e-01      
2.27625002e+02      1.14332128e-01      
2.28275000e+02      1.78315716e-01      
2.28924997e+02      1.02576650e-01      
2.29574995e+02      1.30042926e-01      
2.30237495e+02      1.37369261e-01      
2.30912498e+02      1.02601262e-01      
2.31587502e+02      1.64133539e-01      
2.32262505e+02      1.80414646e-01      
2.32937506e+02      3.76237368e-01      
2.33612505e+02      9.99013558e-01      
2.34287504e+02      5.47659037e-01      
2.34962503e+02      8.51138129e-01      
2.35587884e+02      4.00720233e-01      
2.36163647e+02      6.94810013e-01      
2.36739410e+02      4.77646463e-01      
2.37315172e+02      4.37222028e-01      
2.37665173e+02      5.89432825e-01      
2.37789411e+02      5.27843566e-01      
2.37913649e+02      5.30376644e-01      
2.38037887e+02      9.14126241e-01      
2.38462505e+02      1.53747601e+00      
2.39187504e+02      5.86526917e-01      
2.39912502e+02      7.26269695e-01      
2.40637501e+02      6.42112724e-01      
2.41362499e+02      5.53060714e-01      
2.42087498e+02      2.76670312e-01      
2.42812496e+02      1.96008822e-01      
2.43537495e+02      1.87057993e-01      
2.44274994e+02      2.08676687e-01      
2.45024994e+02      3.42849012e-01      
2.45774994e+02      2.31679179e-01      
2.46524994e+02      2.96733643e-01      
2.47287495e+02      3.11072507e-01      
2.48062496e+02      5.09986993e-01      
2.48837498e+02      4.06795268e-01      
2.49612499e+02      4.41171156e-01      
2.50400000e+02      2.88057207e-01      
2.51199999e+02      4.12483962e-01      
2.51999998e+02      4.11354673e-01      
2.52799997e+02      4.47116966e-01      
2.53599997e+02      4.39624033e-01      
2.54399996e+02      4.63716368e-01      
2.55199995e+02      4.47243575e-01      
2.55999994e+02      4.20115093e-01      
2.56812496e+02      4.98499533e-01      
2.57637501e+02      4.52431750e-01      
2.58462505e+02      7.49905468e-01      
2.59287510e+02      7.27294700e-01      
2.60137512e+02      1.70834619e+00      
2.61012512e+02      1.25252875e+00      
2.61887512e+02      1.64929899e+00      
2.62762512e+02      2.28982130e+00      
2.63637512e+02      1.58220765e+00      
2.64512512e+02      5.67467364e-01      
2.65387512e+02      6.75182389e-01      
2.66262512e+02      6.72762745e-01      
2.67150009e+02      1.01209457e+00      
2.68050003e+02      7.48670317e-01      
2.68949997e+02      7.81819245e-01      
2.69849991e+02      7.99046704e-01      
2.70762489e+02      9.25292520e-01      
2.71687492e+02      9.80957157e-01      
2.72612495e+02      9.54887629e-01      
2.73537498e+02      1.32448667e+00      
2.74125601e+02      1.40354306e+00      
2.74376802e+02      1.38953597e+00      
2.74628003e+02      1.45846756e+00      
2.74879204e+02      1.89600675e+00      
2.75354202e+02      1.60269951e+00      
2.76052998e+02      1.57037301e+00      
2.76751794e+02      1.37770426e+00      
2.77450590e+02      1.50724138e+00      
2.78287491e+02      1.47265360e+00      
2.79262497e+02      8.63507352e+00      
2.80237503e+02      2.07509890e+01      
2.81212509e+02      2.63255936e+00      
2.82113240e+02      1.55361484e+00      
2.82939697e+02      1.54551165e+00      
2.83766153e+02      1.43904770e+00      
2.84592609e+02      1.48172057e+00      
2.85092609e+02      1.05601081e+00      
2.85266153e+02      1.22671499e+00      
2.85439697e+02      1.53689325e+00      
2.85613240e+02      1.13440893e+00      
2.86225010e+02      1.32018589e+00      
2.87275005e+02      1.70847465e+00      
2.88325001e+02      2.11593559e+00      
2.89374996e+02      2.34468626e+00      
2.90424995e+02      2.37646931e+00      
2.91474998e+02      2.58636599e+00      
2.92525002e+02      2.95241859e+00      
2.93575005e+02      2.76974342e+00      
2.94650005e+02      2.67915186e+00      
2.95750004e+02      2.72977631e+00      
2.96850002e+02      2.51855008e+00      
2.97950001e+02      2.83623642e+00      
2.99062500e+02      3.03222679e+00      
3.00187500e+02      2.76902893e+00      
3.01312500e+02      3.09639121e+00      
3.02437500e+02      2.40579201e+00      
3.03513304e+02      3.11787621e+00      
3.04539913e+02      3.16143708e+00      
3.05566522e+02      3.44251992e+00      
3.06593131e+02      3.65979421e+00      
3.07180632e+02      3.67331605e+00      
3.07329027e+02      4.14631021e+00      
3.07477421e+02      4.55835574e+00      
3.07625815e+02      4.57800485e+00      
3.08300011e+02      4.36533242e+00      
3.09500008e+02      3.93059563e+00      
3.10700005e+02      5.45433169e+00      
3.11900002e+02      5.53949965e+00      
3.13125000e+02      5.71708522e+00      
3.14375000e+02      6.09813404e+00      
3.15625000e+02      7.35714342e+00      
3.16875000e+02      8.88950114e+00      
3.18125000e+02      8.61357481e+00      
3.19375000e+02      7.73922509e+00      
3.20625000e+02      1.36031431e+01      
3.21875000e+02      1.09753247e+01      
3.23125000e+02      1.08825965e+01      
3.24375000e+02      9.87724980e+00      
3.25625000e+02      1.02797004e+01      
3.26875000e+02      1.23759000e+01      
3.27713409e+02      1.57954123e+01      
3.28140227e+02      1.79136857e+01      
3.28567045e+02      1.89407296e+01      
3.28993862e+02      1.60696597e+01      
3.29618862e+02      1.91658238e+01      
3.30442045e+02      1.98198609e+01      
3.31265227e+02      2.01479428e+01      
3.32088409e+02      2.09878223e+01      
3.33125000e+02      2.31354738e+01      
3.34375000e+02      2.29447852e+01      
3.35625000e+02      2.72245266e+01      
3.36875000e+02      2.46312407e+01      
3.37962972e+02      2.81926917e+01      
3.38888917e+02      2.78858299e+01      
3.39814862e+02      3.34268333e+01      
3.40740807e+02      2.69840717e+01      
3.41365807e+02      2.80765006e+01      
3.41689862e+02      2.52232549e+01      
3.42013917e+02      3.52526892e+01      
3.42337972e+02      3.47055934e+01      
3.42812500e+02      3.59254745e+01      
3.43437500e+02      3.18988779e+01      
3.44062500e+02      2.28572973e+01      
3.44687500e+02      2.73012340e+01      
3.46250000e+02      3.34297706e+01      
3.48750000e+02      3.36110135e+01      
3.51250000e+02      4.10898207e+01      
3.53750000e+02      5.10334661e+01      
3.56250000e+02      4.04320878e+01      
3.58750000e+02      3.28876207e+01      
3.61250000e+02      3.66464413e+01      
3.63750000e+02      4.33354199e+01      
3.66250000e+02      4.73731389e+01      
3.68750000e+02      4.85549428e+01      
3.71250000e+02      4.20606308e+01      
3.73750000e+02      3.28398858e+01      
3.76250000e+02      4.75265225e+01      
3.78750000e+02      5.80500928e+01      
3.81250000e+02      5.08152275e+01      
3.83750000e+02      4.57789169e+01      
3.85625050e+02      3.97696915e+01      
3.86875151e+02      5.43616199e+01      
3.88125252e+02      5.37684684e+01      
3.89375353e+02      5.76662485e+01      
3.90625353e+02      6.25707826e+01      
3.91875252e+02      6.50125500e+01      
3.93125151e+02      5.15540456e+01      
3.94375050e+02      5.72118955e+01      
3.96250000e+02      5.70576444e+01      
3.98750000e+02      9.15112755e+01      
4.01250000e+02      1.06423120e+02      
4.03750000e+02      9.95709224e+01      
4.06250000e+02      1.11689351e+02      
4.08750000e+02      1.15328327e+02      
4.11250000e+02      1.13092795e+02      
4.13750000e+02      1.16830665e+02      
4.16250000e+02      1.29721783e+02      
4.18750000e+02      1.27049082e+02      
4.21250000e+02      1.05845785e+02      
4.23750000e+02      7.30287338e+01      
4.26250000e+02      1.05249164e+02      
4.28750000e+02      1.11031799e+02      
4.31250000e+02      1.25982721e+02      
4.33750000e+02      1.51597922e+02      
4.36250000e+02      1.54986531e+02      
4.38750000e+02      1.54996319e+02      
4.41250000e+02      1.73832433e+02      
4.43750000e+02      1.79431540e+02      
4.45625561e+02      1.87096433e+02      
4.46876683e+02      2.05586008e+02      
4.48127805e+02      2.26865990e+02      
4.49378927e+02      2.30014151e+02      
4.50628927e+02      2.41228376e+02      
4.51877805e+02      2.38819247e+02      
4.53126683e+02      2.22694407e+02      
4.54375561e+02      2.39131459e+02      
4.56250000e+02      2.76412818e+02      
4.58750000e+02      2.77070813e+02      
4.61250000e+02      2.94930667e+02      
4.63750000e+02      2.80661933e+02      
4.66250000e+02      2.83665835e+02      
4.68750000e+02      2.78087360e+02      
4.71250000e+02      2.87765988e+02      
4.73750000e+02      2.86107789e+02      
4.76250000e+02      2.54397933e+02      
4.78750000e+02      2.31909681e+02      
4.81250000e+02      2.49544594e+02      
4.83750000e+02      2.55113762e+02      
4.86250000e+02      2.58642282e+02      
4.88750000e+02      2.78763609e+02      
4.91250000e+02      3.12003039e+02      
4.93750000e+02      3.42388009e+02      
4.96250000e+02      2.81244751e+02      
4.98750000e+02      2.76080990e+02      
5.01250000e+02      2.53741967e+02      
5.03750000e+02      2.74536485e+02      
5.06250000e+02      2.82167016e+02      
5.08750000e+02      2.84116951e+02      
5.11250000e+02      2.80718189e+02      
5.13750000e+02      2.88739087e+02      
5.16250000e+02      2.75521161e+02      
5.18750000e+02      2.42930227e+02      
5.21250000e+02      2.88168773e+02      
5.23750000e+02      3.64615814e+02      
5.26250000e+02      3.38409944e+02      
5.28750000e+02      3.90453465e+02      
5.31250000e+02      4.01493685e+02      
5.33750000e+02      3.84870145e+02      
5.35626888e+02      4.21001667e+02      
5.36880663e+02      4.20301163e+02      
5.38134438e+02      4.55222185e+02      
5.39388214e+02      4.53044268e+02      
5.40638214e+02      4.32680008e+02      
5.41884438e+02      4.73526346e+02      
5.43130663e+02      4.58419220e+02      
5.44376888e+02      4.69837214e+02      
5.45563869e+02      3.60854028e+02      
5.46691608e+02      3.85725894e+02      
5.47819347e+02      4.04813221e+02      
5.48947086e+02      4.25606322e+02      
5.50197086e+02      3.97059948e+02      
5.51569347e+02      3.85583164e+02      
5.52941608e+02      4.23113289e+02      
5.54313869e+02      4.22209825e+02      
5.56250000e+02      4.33324002e+02      
5.58750000e+02      4.24305320e+02      
5.61250000e+02      3.92393637e+02      
5.63750000e+02      4.04997662e+02      
5.65200540e+02      4.30909930e+02      
5.65601619e+02      4.55907258e+02      
5.66002698e+02      4.40531446e+02      
5.66403777e+02      4.29142558e+02      
5.67653777e+02      4.33825524e+02      
5.69752698e+02      4.56473788e+02      
5.71851619e+02      4.81577031e+02      
5.73950540e+02      5.32632943e+02      
5.76250000e+02      4.99665295e+02      
5.78750000e+02      5.24235101e+02      
5.81250000e+02      5.26576841e+02      
5.83750000e+02      5.26731695e+02      
5.86250000e+02      4.04808899e+02      
5.88750000e+02      2.28207064e+02      
5.91250000e+02      3.04805289e+02      
5.93750000e+02      3.75008529e+02      
5.96250000e+02      3.92349211e+02      
5.98750000e+02      4.38607287e+02      
6.01250000e+02      4.69950563e+02      
6.03750000e+02      5.28310546e+02      
6.05004234e+02      5.48514691e+02      
6.05012703e+02      5.69949774e+02      
6.05021172e+02      5.69949774e+02      
6.05029640e+02      5.55160392e+02      
6.06279640e+02      5.77466327e+02      
6.08771172e+02      6.17936570e+02      
6.11262703e+02      5.66484366e+02      
6.13754234e+02      6.40012298e+02      
6.16250000e+02      4.52353997e+02      
6.18750000e+02      4.04495808e+02      
6.21250000e+02      3.83708086e+02      
6.23750000e+02      3.35645780e+02      
6.26250000e+02      3.99099676e+02      
6.28750000e+02      4.23458075e+02      
6.31250000e+02      4.75692374e+02      
6.33750000e+02      5.19666334e+02      
6.36250000e+02      4.90454810e+02      
6.38750000e+02      4.54313958e+02      
6.41250000e+02      5.20931119e+02      
6.43750000e+02      5.42484128e+02      
6.46250000e+02      5.81828442e+02      
6.48750000e+02      6.05018670e+02      
6.51250000e+02      6.46557967e+02      
6.53750000e+02      7.02223519e+02      
6.56250000e+02      6.53914087e+02      
6.58750000e+02      6.72143283e+02      
6.61250000e+02      6.62224485e+02      
6.63750000e+02      6.43034982e+02      
6.65208336e+02      5.96401521e+02      
6.65625007e+02      5.32334160e+02      
6.66041679e+02      5.30954870e+02      
6.66458351e+02      5.67738508e+02      
6.67708351e+02      5.31333594e+02      
6.69791679e+02      5.02176213e+02      
6.71875007e+02      4.19113012e+02      
6.73958336e+02      4.34031293e+02      
6.76250000e+02      4.41008909e+02      
6.78750000e+02      4.28352957e+02      
6.81250000e+02      4.41701359e+02      
6.83750000e+02      4.50531703e+02      
6.85760623e+02      4.13048043e+02      
6.87281868e+02      4.42237482e+02      
6.88803113e+02      4.50637900e+02      
6.90324358e+02      4.76125216e+02      
6.91574358e+02      5.16055225e+02      
6.92553113e+02      5.33770063e+02      
6.93531868e+02      5.78953925e+02      
6.94510623e+02      6.14752896e+02      
6.96250000e+02      6.35436474e+02      
6.98750000e+02      6.68859259e+02      
7.01250000e+02      7.06084140e+02      
7.03750000e+02      8.32191222e+02      
7.06250000e+02      6.88724283e+02      
7.08750000e+02      6.07048378e+02      
7.11250000e+02      5.96830117e+02      
7.13750000e+02      4.44687901e+02      
7.16250000e+02      5.07643749e+02      
7.18750000e+02      5.90095927e+02      
7.21250000e+02      5.73270315e+02      
7.23750000e+02      6.68106938e+02      
7.26250000e+02      7.57645345e+02      
7.28750000e+02      8.10666249e+02      
7.31250000e+02      8.76077953e+02      
7.33750000e+02      9.06165066e+02      
7.36250000e+02      9.59208518e+02      
7.38750000e+02      1.00372058e+03      
7.41250000e+02      1.01640448e+03      
7.43750000e+02      1.03750627e+03      
7.45859962e+02      1.02646846e+03      
7.47579885e+02      1.06043952e+03      
7.49299808e+02      1.04720420e+03      
7.51019731e+02      1.05756621e+03      
7.52269731e+02      1.07641618e+03      
7.53049808e+02      1.06110678e+03      
7.53829885e+02      1.07484416e+03      
7.54609962e+02      1.08942672e+03      
7.56250000e+02      1.08409823e+03      
7.58750000e+02      1.03492246e+03      
7.61250000e+02      9.95904166e+02      
7.63750000e+02      9.32768851e+02      
7.66250000e+02      8.36721409e+02      
7.68750000e+02      8.17426858e+02      
7.71250000e+02      8.00336317e+02      
7.73750000e+02      8.84619968e+02      
7.75857604e+02      8.17510704e+02      
7.77572811e+02      8.60099886e+02      
7.79288018e+02      8.53214143e+02      
7.81003225e+02      9.00848098e+02      
7.82253225e+02      9.10315447e+02      
7.83038018e+02      8.71980639e+02      
7.83822811e+02      8.68414940e+02      
7.84607604e+02      8.92630238e+02      
7.86250000e+02      9.19700246e+02      
7.88750000e+02      9.66961254e+02      
7.91250000e+02      9.57046398e+02      
7.93750000e+02      9.78461716e+02      
7.96250000e+02      1.02089001e+03      
7.98750000e+02      1.03082713e+03      
8.01250000e+02      1.05169624e+03      
8.03750000e+02      1.06249416e+03      
8.06250000e+02      1.08289604e+03      
8.08750000e+02      1.09557049e+03      
8.11250000e+02      1.11116474e+03      
8.13750000e+02      1.12711583e+03      
8.16250000e+02      1.13652781e+03      
8.18750000e+02      9.98984174e+02      
8.21250000e+02      1.07739981e+03      
8.23750000e+02      1.11087808e+03      
8.26250000e+02      1.10455018e+03      
8.28750000e+02      1.08402726e+03      
8.31250000e+02      1.07938130e+03      
8.33750000e+02      1.06400801e+03      
8.35932497e+02      1.05825055e+03      
8.37797491e+02      1.05073225e+03      
8.39662485e+02      1.03720544e+03      
8.41527480e+02      1.06625082e+03      
8.42777480e+02      1.03091553e+03      
8.43412485e+02      1.00070657e+03      
8.44047491e+02      9.55270151e+02      
8.44682497e+02      9.62191030e+02      
8.46250000e+02      9.18330103e+02      
8.48750000e+02      9.59010555e+02      
8.51250000e+02      9.34509943e+02      
8.53750000e+02      9.39483623e+02      
8.56250000e+02      1.00387049e+03      
8.58750000e+02      1.01733522e+03      
8.61250000e+02      1.03321512e+03      
8.63750000e+02      1.06085463e+03      
8.66250000e+02      1.02589946e+03      
8.68750000e+02      1.02494710e+03      
8.71250000e+02      1.06589637e+03      
8.73750000e+02      1.07677106e+03      
8.76250000e+02      1.08752175e+03      
8.78750000e+02      1.10236828e+03      
8.81250000e+02      1.09112895e+03      
8.83750000e+02      1.09392471e+03      
8.85783196e+02      1.07697589e+03      
8.87349589e+02      9.88079594e+02      
8.88915982e+02      1.00833915e+03      
8.90482375e+02      1.03031377e+03      
8.91732375e+02      1.04331491e+03      
8.92665982e+02      1.04959307e+03      
8.93599589e+02      1.03578211e+03      
8.94533196e+02      1.02665681e+03      
8.96250000e+02      1.03466925e+03      
8.98750000e+02      1.05769840e+03      
9.01250000e+02      1.04812724e+03      
9.03750000e+02      1.06297725e+03      
9.06250000e+02      1.07261407e+03      
9.08750000e+02      1.07433530e+03      
9.11250000e+02      1.08780658e+03      
9.13750000e+02      1.10656456e+03      
9.16250000e+02      1.11113903e+03      
9.18750000e+02      1.11600499e+03      
9.21250000e+02      1.10318322e+03      
9.23750000e+02      1.08384782e+03      
9.26250000e+02      1.08160136e+03      
9.28750000e+02      1.06543951e+03      
9.31250000e+02      1.06091928e+03      
9.33750000e+02      1.06948504e+03      
9.36250000e+02      1.06020637e+03      
9.38750000e+02      1.06078931e+03      
9.41250000e+02      1.06756909e+03      
9.43750000e+02      1.06498895e+03      
9.46250000e+02      1.07169071e+03      
9.48750000e+02      1.08695209e+03      
9.51250000e+02      1.08310244e+03      
9.53750000e+02      1.08155187e+03      
9.55817304e+02      1.07150113e+03      
9.57451913e+02      1.08375337e+03      
9.59086521e+02      1.09772021e+03      
9.60721130e+02      1.06639404e+03      
9.61971130e+02      1.09367619e+03      
9.62836521e+02      1.09694618e+03      
9.63701913e+02      1.05433186e+03      
9.64567304e+02      1.05956935e+03      
9.66250000e+02      1.07442446e+03      
9.68750000e+02      1.06838357e+03      
9.71250000e+02      1.06937788e+03      
9.73750000e+02      1.04273423e+03      
9.76250000e+02      1.06807117e+03      
9.78750000e+02      1.05078376e+03      
9.81250000e+02      1.07347799e+03      
9.83750000e+02      1.05993096e+03      
9.86250000e+02      1.07019320e+03      
9.88750000e+02      1.06766177e+03      
9.91250000e+02      9.15898206e+02      
9.93750000e+02      9.67202391e+02      
9.96250000e+02      1.00870465e+03      
9.98750000e+02      1.00793189e+03      
1.00125000e+03      1.02356263e+03      
1.00375000e+03      1.03306540e+03      
1.00625000e+03      9.99120582e+02      
1.00875000e+03      1.03260387e+03      
1.01125000e+03      1.03442534e+03      
1.01375000e+03      1.01342150e+03      
1.01625000e+03      1.00209315e+03      
1.01875000e+03      1.01375231e+03      
1.02125000e+03      9.94484422e+02      
1.02375000e+03      1.02403122e+03      
1.02625000e+03      9.80182467e+02      
1.02875000e+03      9.85251765e+02      
1.03125000e+03      9.98650710e+02      
1.03375000e+03      9.85414710e+02      
1.03515868e+03      9.35282642e+02      
1.03547603e+03      9.81196384e+02      
1.03579339e+03      9.93770214e+02      
1.03611075e+03      1.02677777e+03      
1.03736075e+03      1.00844216e+03      
1.03954339e+03      9.92630870e+02      
1.04172603e+03      1.00710799e+03      
1.04390868e+03      1.00614785e+03      
1.04625000e+03      1.01939885e+03      
1.04875000e+03      1.01495697e+03      
1.05125000e+03      1.01350803e+03      
1.05375000e+03      1.02326300e+03      
1.05625000e+03      1.01407882e+03      
1.05875000e+03      1.01417579e+03      
1.06125000e+03      1.01532691e+03      
1.06375000e+03      1.02168502e+03      
1.06556484e+03      1.00158339e+03      
1.06669451e+03      9.90820316e+02      
1.06782418e+03      1.00353699e+03      
1.06895385e+03      1.00291897e+03      
1.07020385e+03      9.99990701e+02      
1.07157418e+03      1.00634032e+03      
1.07294451e+03      9.88520408e+02      
1.07431484e+03      1.00434204e+03      
1.07625000e+03      1.00636003e+03      
1.07875000e+03      1.00569558e+03      
1.08125000e+03      9.85654333e+02      
1.08375000e+03      1.00108774e+03      
1.08687500e+03      1.00166640e+03      
1.09062500e+03      9.93883337e+02      
1.09437500e+03      1.00099490e+03      
1.09812500e+03      9.89775581e+02      
1.10374294e+03      9.78389699e+02      
1.11122881e+03      9.76318591e+02      
1.11871468e+03      9.70375220e+02      
1.12620055e+03      9.62845100e+02      
1.13903128e+03      9.42953495e+02      
1.15720685e+03      9.46019994e+02      
1.17538242e+03      9.25065274e+02      
1.19355799e+03      9.07335779e+02      
1.21571375e+03      8.98098689e+02      
1.24184971e+03      8.73321055e+02      
1.26798566e+03      8.54287276e+02      
1.29412161e+03      8.28927323e+02      
1.32261778e+03      7.96041464e+02      
1.35347418e+03      7.51502466e+02      
1.38433059e+03      7.26313557e+02      
1.41518699e+03      6.89237196e+02      
1.44740644e+03      6.68607651e+02      
1.48098895e+03      6.43032109e+02      
1.51457146e+03      6.34016390e+02      
1.54815397e+03      6.19764082e+02      
1.58029753e+03      6.17585897e+02      
1.61100215e+03      6.04315530e+02      
1.64170676e+03      6.01749414e+02      
1.67241138e+03      5.79700218e+02      
1.70956790e+03      5.43759677e+02      
1.75317633e+03      4.87500668e+02      
1.79678476e+03      4.33835176e+02      
1.84039319e+03      3.92240925e+02      
1.88194796e+03      3.68984035e+02      
1.92144910e+03      3.52213900e+02      
1.96095023e+03      3.26720506e+02      
2.00045136e+03      3.09532514e+02      
2.04300708e+03      2.96267409e+02      
2.08861738e+03      2.81719893e+02      
2.13422769e+03      2.71328377e+02      
2.17983800e+03      2.61144290e+02      
2.23748645e+03      2.48265722e+02      
2.30717304e+03      2.22444534e+02      
2.37685964e+03      1.94339338e+02      
2.44654623e+03      1.64683264e+02      
2.50366265e+03      1.35956662e+02      
2.54820889e+03      1.28058855e+02      
2.59275514e+03      1.27397122e+02      
2.63730139e+03      1.20756235e+02      
2.69209120e+03      1.15033294e+02      
2.75712457e+03      1.04888631e+02      
2.82215795e+03      9.48747977e+01      
2.88719133e+03      8.89643102e+01      
2.95966840e+03      8.09364041e+01      
3.03958917e+03      7.48368925e+01      
3.11950994e+03      6.95046611e+01      
3.19943070e+03      6.54299992e+01      
3.28153443e+03      6.18162006e+01      
3.36582112e+03      5.84314406e+01      
3.45010781e+03      5.53814931e+01      
3.53439450e+03      5.19584185e+01      
3.63067350e+03      4.84794461e+01      
3.73894480e+03      4.47773161e+01      
3.84721610e+03      4.11683579e+01      
3.95548740e+03      3.77523676e+01      
4.02990538e+03      3.51624801e+01      
4.07047004e+03      3.31621271e+01      
4.11103469e+03      3.20860361e+01      
4.15159935e+03      3.06347744e+01      
4.21857828e+03      2.89493908e+01      
4.31197149e+03      2.62436345e+01      
4.40536469e+03      2.34731529e+01      
4.49875790e+03      2.13688025e+01      
4.58702880e+03      1.98352975e+01      
4.67017740e+03      1.87122827e+01      
4.75332600e+03      1.75786052e+01      
4.83647460e+03      1.66241249e+01      
4.90931845e+03      1.57192951e+01      
4.97185755e+03      1.49307775e+01      
5.03439665e+03      1.42325842e+01      
5.09693575e+03      1.35829225e+01      
5.16285533e+03      1.29676354e+01      
5.23215538e+03      1.23832489e+01      
5.30145544e+03      1.17576599e+01      
5.37075549e+03      1.12489159e+01      
5.44401556e+03      1.06870579e+01      
5.52123564e+03      1.01995627e+01      
5.59845573e+03      9.69198340e+00      
5.67567581e+03      9.21369646e+00      
5.75757587e+03      8.74952573e+00      
5.84415591e+03      8.29494537e+00      
5.93073595e+03      7.86278084e+00      
6.01731598e+03      7.45177418e+00      
6.10948187e+03      7.04963993e+00      
6.20723361e+03      6.66016570e+00      
6.30498534e+03      6.28899150e+00      
6.40273708e+03      5.93863984e+00      
6.50723028e+03      5.59668954e+00      
6.61846495e+03      5.26425465e+00      
6.72969961e+03      4.95044710e+00      
6.84093428e+03      4.65463124e+00      
6.96040857e+03      4.36712488e+00      
7.08812249e+03      4.08798170e+00      
7.21583641e+03      3.82570956e+00      
7.34355032e+03      3.58866525e+00      
7.46187353e+03      3.38207689e+00      
7.57080603e+03      3.20071134e+00      
7.67973852e+03      3.03463770e+00      
7.78867102e+03      2.87710772e+00      
7.90441173e+03      2.72321690e+00      
8.02696067e+03      2.57271515e+00      
8.14950961e+03      2.43126239e+00      
8.27205855e+03      2.29295241e+00      
8.41982520e+03      2.14550736e+00      
8.59280956e+03      1.99356707e+00      
8.76579392e+03      1.84963826e+00      
8.93877828e+03      1.72582596e+00      
9.07082057e+03      1.63265756e+00      
9.16192079e+03      1.56615091e+00      
9.25302100e+03      1.50767616e+00      
9.34412122e+03      1.44899860e+00      
9.46596241e+03      1.37985246e+00      
9.61854458e+03      1.30290366e+00      
9.77112675e+03      1.22761090e+00      
9.92370892e+03      1.15694484e+00      
1.00797873e+04      1.09076775e+00      
1.02393618e+04      1.02773923e+00      
1.03989363e+04      9.69084905e-01      
1.05585108e+04      9.13259362e-01      
1.07370822e+04      8.56627955e-01      
1.09346507e+04      8.00419041e-01      
1.11322191e+04      7.47651528e-01      
1.13297875e+04      6.97181940e-01      
1.15625002e+04      6.44975166e-01      
1.18303573e+04      5.92739573e-01      
1.20982144e+04      5.44002655e-01      
1.23660715e+04      4.98690781e-01      
1.26736112e+04      4.53893784e-01      
1.30208335e+04      4.10421806e-01      
1.33680558e+04      3.70872594e-01      
1.37152781e+04      3.36842118e-01      
1.40268412e+04      3.08830931e-01      
1.43027449e+04      2.85840866e-01      
1.45786486e+04      2.65417803e-01      
1.48545523e+04      2.46746766e-01      
1.51443729e+04      2.28941862e-01      
1.54481106e+04      2.12208245e-01      
1.57518482e+04      1.96828284e-01      
1.60555859e+04      1.81549569e-01      
1.64751008e+04      1.64328267e-01      
1.70103929e+04      1.46161716e-01      
1.75456851e+04      1.29592803e-01      
1.80809772e+04      1.15525478e-01      
1.85802979e+04      1.03890270e-01      
1.90436473e+04      9.41919850e-02      
1.95069966e+04      8.57809980e-02      
1.99703460e+04      7.79635326e-02      
2.05176771e+04      7.01783870e-02      
2.11489899e+04      6.25963286e-02      
2.17803028e+04      5.58014289e-02      
2.24116156e+04      4.96226065e-02      
2.31758368e+04      4.35369099e-02      
2.40729663e+04      3.77373059e-02      
2.49700959e+04      3.26941938e-02      
2.58672254e+04      2.84153952e-02      
2.68141952e+04      2.46736949e-02      
2.78110051e+04      2.14207865e-02      
2.88078151e+04      1.86496730e-02      
2.98046250e+04      1.62211515e-02      
3.09794371e+04      1.39390684e-02      
3.23322513e+04      1.18478370e-02      
3.36850655e+04      1.00795665e-02      
3.50378797e+04      8.50387838e-03      
3.69318190e+04      6.92164116e-03      
3.93668833e+04      5.45953472e-03      
4.18019476e+04      4.30525198e-03      
4.42370119e+04      3.37439567e-03      
4.75852261e+04      2.53632326e-03      
5.18465900e+04      1.84106068e-03      
5.61079540e+04      1.34505384e-03      
6.03693180e+04      9.66921187e-04      
6.71875000e+04      6.38134220e-04      
7.65625000e+04      3.94604352e-04      
8.59375000e+04      2.48645330e-04      
9.53125000e+04      1.72115216e-04      
1.00000000e+05      7.47971836e-05      
