Wavelength(nm)      SolarFlux(mW/m^2/nm)
1.00000000e+00      1.00260673e-02      
1.37500000e+00      8.02055953e-03      
2.12500000e+00      7.70376876e-02      
2.87500000e+00      9.86176178e-02      
3.62500000e+00      7.27603501e-02      
4.12500000e+00      9.13685583e-02      
4.37500000e+00      1.00672662e-01      
4.62500000e+00      1.00672662e-01      
4.87500000e+00      1.00672662e-01      
5.12500000e+00      1.73035737e-01      
5.37500000e+00      1.73035737e-01      
5.62500000e+00      1.73035737e-01      
5.87500000e+00      1.73035737e-01      
6.12500000e+00      1.53907636e-01      
6.37500000e+00      1.53907636e-01      
6.62500000e+00      1.53907636e-01      
6.87500000e+00      1.53907636e-01      
7.12500000e+00      1.61558877e-01      
7.37500000e+00      1.61558877e-01      
7.62500000e+00      1.61558877e-01      
7.87500000e+00      1.61558877e-01      
8.12500000e+00      9.84508600e-02      
8.37500000e+00      9.84508600e-02      
8.62500000e+00      9.84508600e-02      
8.87500000e+00      9.84508600e-02      
9.12500000e+00      1.10486849e-01      
9.37500000e+00      1.10486849e-01      
9.62500000e+00      1.10486849e-01      
9.87500000e+00      1.10486849e-01      
1.01250000e+01      3.83739117e-02      
1.03750000e+01      3.83739117e-02      
1.06250000e+01      3.83739117e-02      
1.08750000e+01      3.83739117e-02      
1.11250000e+01      2.75003224e-02      
1.13750000e+01      2.75003224e-02      
1.16250000e+01      2.75003224e-02      
1.18750000e+01      2.75003224e-02      
1.21000000e+01      1.78341397e-02      
1.23000001e+01      1.72300040e-02      
1.25000001e+01      1.72300040e-02      
1.27000002e+01      1.72300040e-02      
1.31125002e+01      1.67357578e-02      
1.37375002e+01      1.95224443e-02      
1.43625002e+01      5.28229842e-02      
1.49875002e+01      5.79338239e-02      
1.55875002e+01      6.37112874e-02      
1.61625003e+01      8.16520478e-02      
1.67375003e+01      9.95660910e-02      
1.73125004e+01      3.84033395e-01      
1.79625003e+01      2.93122664e-01      
1.86875002e+01      1.92118174e-01      
1.94125001e+01      1.97460849e-01      
2.01375000e+01      1.28138988e-01      
2.08250000e+01      9.08509097e-02      
2.14750001e+01      7.39816058e-02      
2.21250002e+01      9.46908968e-02      
2.27750003e+01      9.10646993e-02      
2.35875003e+01      5.87496340e-02      
2.45625002e+01      1.35379806e-01      
2.55375001e+01      2.12744073e-01      
2.65125000e+01      7.22306489e-02      
2.71250000e+01      1.03978605e-01      
2.73750000e+01      1.26995871e-01      
2.76250000e+01      1.26995871e-01      
2.78750000e+01      1.32672503e-01      
2.82500000e+01      1.55379029e-01      
2.87500000e+01      1.55379029e-01      
2.92500000e+01      4.44507619e-02      
2.97500000e+01      4.44507619e-02      
3.02500000e+01      9.43162476e-01      
3.07500000e+01      9.43162476e-01      
3.12500000e+01      1.83188344e-01      
3.17500000e+01      1.83188344e-01      
3.22500000e+01      2.54403732e-01      
3.27500000e+01      2.54403732e-01      
3.32500000e+01      2.49842416e-01      
3.37500000e+01      2.49842416e-01      
3.42500000e+01      1.06823082e-01      
3.47500000e+01      1.06823082e-01      
3.52500000e+01      9.19031642e-02      
3.57500000e+01      9.19031642e-02      
3.61250000e+01      1.18023321e-01      
3.63750000e+01      1.24553360e-01      
3.66250000e+01      1.24553360e-01      
3.68750000e+01      8.98824521e-02      
3.73750000e+01      2.05406368e-02      
3.81250000e+01      1.27187152e-02      
3.88750000e+01      8.79009771e-03      
3.96250000e+01      8.75478429e-03      
4.03750000e+01      1.46830239e-02      
4.11250000e+01      2.41009157e-02      
4.18750000e+01      2.15818921e-02      
4.26250000e+01      7.12595300e-03      
4.33750000e+01      1.66120193e-02      
4.41250000e+01      9.88285174e-03      
4.48750000e+01      6.77674255e-03      
4.56250000e+01      7.29369172e-03      
4.62500000e+01      2.42480549e-02      
4.67500000e+01      2.63673503e-02      
4.72500000e+01      1.04704277e-02      
4.77500000e+01      1.04704277e-02      
4.82500000e+01      1.74359990e-02      
4.87500000e+01      1.74359990e-02      
4.92500000e+01      6.20780419e-02      
4.97500000e+01      6.20780419e-02      
5.02500000e+01      2.52932339e-02      
5.07500000e+01      2.52932339e-02      
5.12500000e+01      8.66797215e-03      
5.17500000e+01      8.66797215e-03      
5.22500000e+01      1.52730523e-02      
5.27500000e+01      1.52730523e-02      
5.32500000e+01      1.12561512e-02      
5.37500000e+01      1.12561512e-02      
5.42500000e+01      7.25543552e-03      
5.47500000e+01      7.25543552e-03      
5.52500000e+01      3.24883424e-02      
5.57500000e+01      3.24883424e-02      
5.62500000e+01      9.90541309e-03      
5.67500000e+01      9.90541309e-03      
5.72500000e+01      9.86862828e-03      
5.77500000e+01      9.86862828e-03      
5.82500000e+01      5.58981942e-02      
5.87500000e+01      5.58981942e-02      
5.92500000e+01      1.16651983e-02      
5.97500000e+01      1.16651983e-02      
6.02500000e+01      4.79821035e-02      
6.07500000e+01      4.79821035e-02      
6.12500000e+01      1.45903262e-02      
6.17500000e+01      1.45903262e-02      
6.21250000e+01      5.36045878e-02      
6.23750000e+01      6.33581532e-02      
6.26250000e+01      6.33581532e-02      
6.28750000e+01      3.96981647e-02      
6.36250000e+01      1.29434704e-02      
6.48750000e+01      3.35153742e-03      
6.61250000e+01      2.69294222e-03      
6.73750000e+01      2.61319276e-03      
6.83750000e+01      8.14562787e-03      
6.91250000e+01      7.50459129e-03      
6.98750000e+01      1.03389834e-02      
7.06250000e+01      1.75684243e-02      
7.13750000e+01      7.69685322e-03      
7.21250000e+01      6.43930325e-03      
7.28750000e+01      6.39712333e-03      
7.36250000e+01      7.57031348e-03      
7.43750000e+01      9.32862730e-03      
7.51250000e+01      1.25784425e-02      
7.58750000e+01      2.14018917e-02      
7.66250000e+01      3.57989751e-02      
7.71250000e+01      3.39254022e-02      
7.73750000e+01      3.29886158e-02      
7.76250000e+01      3.29886158e-02      
7.78750000e+01      3.29886158e-02      
7.81250000e+01      4.59662960e-02      
7.83750000e+01      4.59662960e-02      
7.86250000e+01      4.59662960e-02      
7.88750000e+01      4.59662960e-02      
7.91250000e+01      2.14823278e-02      
7.93750000e+01      2.14823278e-02      
7.96250000e+01      2.14823278e-02      
7.98750000e+01      2.17373692e-02      
8.03750000e+01      2.22474518e-02      
8.11250000e+01      2.42681640e-02      
8.18750000e+01      2.93052303e-02      
8.26250000e+01      3.73586510e-02      
8.30749998e+01      5.03583814e-02      
8.32249994e+01      6.33581532e-02      
8.33749990e+01      6.33581532e-02      
8.35249987e+01      6.33581532e-02      
8.38999987e+01      5.63981328e-02      
8.44999990e+01      4.63929998e-02      
8.50999994e+01      4.99047172e-02      
8.56999998e+01      5.16605843e-02      
8.60625000e+01      5.32527056e-02      
8.61875000e+01      5.47652221e-02      
8.63125000e+01      5.47652221e-02      
8.64375000e+01      5.47652221e-02      
8.65625000e+01      5.47652221e-02      
8.66875000e+01      5.47652221e-02      
8.68125000e+01      5.47652221e-02      
8.69375000e+01      5.47652221e-02      
8.70625000e+01      6.51826797e-02      
8.71875000e+01      6.51826797e-02      
8.73125000e+01      6.51826797e-02      
8.74375000e+01      6.51826797e-02      
8.75625000e+01      6.51826797e-02      
8.76875000e+01      6.51826797e-02      
8.78125000e+01      6.51826797e-02      
8.79375000e+01      6.51826797e-02      
8.80625000e+01      7.44965931e-02      
8.81875000e+01      7.44965931e-02      
8.83125000e+01      7.44965931e-02      
8.84375000e+01      7.44965931e-02      
8.85625000e+01      7.44965931e-02      
8.86875000e+01      7.44965931e-02      
8.88125000e+01      7.44965931e-02      
8.89375000e+01      7.44965931e-02      
8.90625000e+01      9.06083389e-02      
8.91875000e+01      9.06083389e-02      
8.93125000e+01      9.06083389e-02      
8.94375000e+01      9.06083389e-02      
8.95625000e+01      9.06083389e-02      
8.96875000e+01      9.06083389e-02      
8.98125000e+01      9.06083389e-02      
8.99375000e+01      9.06083389e-02      
9.00625000e+01      1.06705371e-01      
9.01875000e+01      1.06705371e-01      
9.03125000e+01      1.06705371e-01      
9.04375000e+01      1.06705371e-01      
9.05749998e+01      1.06705371e-01      
9.07249994e+01      1.06705371e-01      
9.08749990e+01      1.06705371e-01      
9.10249987e+01      9.07035326e-02      
9.11499987e+01      8.15592762e-02      
9.12499990e+01      8.15592762e-02      
9.13499994e+01      8.15592762e-02      
9.14499998e+01      8.15592762e-02      
9.15625000e+01      8.15592762e-02      
9.16875000e+01      8.15592762e-02      
9.18125000e+01      8.15592762e-02      
9.19375000e+01      8.15592762e-02      
9.20375004e+01      3.66101796e-02      
9.21125011e+01      2.91188540e-02      
9.21875019e+01      2.91188540e-02      
9.22625027e+01      2.91188540e-02      
9.23500023e+01      2.91188540e-02      
9.24500008e+01      2.91188540e-02      
9.25499992e+01      2.91188540e-02      
9.26499977e+01      2.91188540e-02      
9.27374973e+01      2.91188540e-02      
9.28124981e+01      2.91188540e-02      
9.28874989e+01      2.91188540e-02      
9.29624996e+01      2.91188540e-02      
9.30375004e+01      2.54845149e-02      
9.31125011e+01      2.54845149e-02      
9.31875019e+01      2.54845149e-02      
9.32625027e+01      2.54845149e-02      
9.33625031e+01      2.54845149e-02      
9.34875031e+01      2.54845149e-02      
9.36125031e+01      2.54845149e-02      
9.37375031e+01      2.54845149e-02      
9.38500023e+01      2.54845149e-02      
9.39500008e+01      2.54845149e-02      
9.40499992e+01      1.81716951e-02      
9.41499977e+01      1.81716951e-02      
9.42749977e+01      1.81716951e-02      
9.44249992e+01      1.81716951e-02      
9.45750008e+01      1.81716951e-02      
9.47250023e+01      1.81716951e-02      
9.48375025e+01      1.81716951e-02      
9.49125013e+01      1.81716951e-02      
9.49875002e+01      1.56001918e-02      
9.50624990e+01      1.04571852e-02      
9.51374989e+01      1.04571852e-02      
9.52124996e+01      1.04571852e-02      
9.52875004e+01      1.04571852e-02      
9.53625011e+01      1.04571852e-02      
9.54250011e+01      1.04571852e-02      
9.54750004e+01      1.04571852e-02      
9.55249996e+01      1.04571852e-02      
9.55749989e+01      1.04571852e-02      
9.56124983e+01      1.04571852e-02      
9.56374979e+01      1.04571852e-02      
9.56624975e+01      1.04571852e-02      
9.56874971e+01      1.04571852e-02      
9.57499971e+01      1.04571852e-02      
9.58499975e+01      1.04571852e-02      
9.59499979e+01      1.04571852e-02      
9.60499983e+01      1.08735818e-02      
9.61624985e+01      1.08735892e-02      
9.62874985e+01      1.08735892e-02      
9.64124985e+01      1.08735892e-02      
9.65374985e+01      1.08735892e-02      
9.66124983e+01      1.08735892e-02      
9.66374979e+01      1.08735892e-02      
9.66624975e+01      1.08735892e-02      
9.66874971e+01      1.08735892e-02      
9.67499971e+01      1.08735892e-02      
9.68499975e+01      1.08735892e-02      
9.69499979e+01      1.08735892e-02      
9.70499983e+01      1.95250244e-01      
9.71499987e+01      1.95253761e-01      
9.72499990e+01      1.95253761e-01      
9.73499994e+01      1.95253761e-01      
9.74499998e+01      1.95253761e-01      
9.75625000e+01      1.95253761e-01      
9.76875000e+01      1.95253761e-01      
9.78125000e+01      1.95253761e-01      
9.79375000e+01      1.95253761e-01      
9.80625000e+01      2.21444544e-02      
9.81875000e+01      2.21444544e-02      
9.83125000e+01      2.21444544e-02      
9.84375000e+01      2.21444544e-02      
9.85124998e+01      2.21444544e-02      
9.85374994e+01      2.21444544e-02      
9.85624990e+01      2.21444544e-02      
9.85874987e+01      2.21444544e-02      
9.86249990e+01      2.21444544e-02      
9.86750002e+01      2.21444544e-02      
9.87250013e+01      2.21444544e-02      
9.87750025e+01      2.21444544e-02      
9.88375025e+01      2.21444544e-02      
9.89125013e+01      2.21444544e-02      
9.89875002e+01      2.61515461e-02      
9.90624990e+01      3.41657296e-02      
9.91249990e+01      3.41657296e-02      
9.91750002e+01      3.41657296e-02      
9.92250013e+01      3.41657296e-02      
9.92750025e+01      3.41657296e-02      
9.93875029e+01      3.41657296e-02      
9.95625025e+01      3.41657296e-02      
9.97375021e+01      3.41657296e-02      
9.99125017e+01      2.64869661e-02      
1.00300001e+02      1.38399161e-02      
1.00900002e+02      1.45579610e-02      
1.01500002e+02      1.59940345e-02      
1.02100002e+02      9.34232471e-02      
1.02475001e+02      1.47286371e-01      
1.02625001e+02      1.47286371e-01      
1.02775001e+02      1.47286371e-01      
1.02925000e+02      1.47286371e-01      
1.03062500e+02      1.51770618e-01      
1.03187500e+02      1.51994826e-01      
1.03312500e+02      1.51994826e-01      
1.03437500e+02      1.51994826e-01      
1.03625000e+02      1.51994826e-01      
1.03875000e+02      1.51994826e-01      
1.04125000e+02      2.20708848e-02      
1.04375000e+02      2.20708848e-02      
1.04650000e+02      2.20708848e-02      
1.04949999e+02      2.09428317e-02      
1.05249998e+02      1.86866824e-02      
1.05549997e+02      1.86866824e-02      
1.05862497e+02      1.86162929e-02      
1.06187498e+02      1.77891331e-02      
1.06512499e+02      1.77891331e-02      
1.06837500e+02      1.77891331e-02      
1.07125000e+02      1.88019978e-02      
1.07375000e+02      1.88779634e-02      
1.07625000e+02      1.88779634e-02      
1.07875000e+02      1.88779634e-02      
1.08125000e+02      3.16643627e-02      
1.08375000e+02      3.16643627e-02      
1.08625000e+02      3.16643627e-02      
1.08875000e+02      3.16643627e-02      
1.09125000e+02      2.13057608e-02      
1.09375000e+02      2.13057608e-02      
1.09625000e+02      2.13057608e-02      
1.09875000e+02      2.13057608e-02      
1.10125000e+02      2.27182974e-02      
1.10375000e+02      2.27182974e-02      
1.10625000e+02      2.27182974e-02      
1.10875000e+02      2.27182974e-02      
1.11013889e+02      2.20169298e-02      
1.11041667e+02      2.06142064e-02      
1.11069445e+02      2.06142064e-02      
1.11097223e+02      2.06142064e-02      
1.11222223e+02      2.06142064e-02      
1.11444445e+02      2.06142064e-02      
1.11666667e+02      2.06142064e-02      
1.11888889e+02      2.06793049e-02      
1.12125000e+02      2.27624392e-02      
1.12375000e+02      2.27624392e-02      
1.12625000e+02      2.27624392e-02      
1.12875000e+02      2.27624392e-02      
1.13125000e+02      1.75389964e-02      
1.13375000e+02      1.75389964e-02      
1.13625000e+02      1.75389964e-02      
1.13875000e+02      1.75389964e-02      
1.14125000e+02      1.18667790e-02      
1.14375000e+02      1.18667790e-02      
1.14625000e+02      1.18667790e-02      
1.14875000e+02      1.18667790e-02      
1.15087500e+02      1.87576318e-02      
1.15262499e+02      1.94959482e-02      
1.15437498e+02      1.94959482e-02      
1.15612497e+02      1.94959482e-02      
1.15774998e+02      1.94959482e-02      
1.15924999e+02      1.94959482e-02      
1.16075001e+02      2.20414569e-02      
1.16225002e+02      2.20414569e-02      
1.16387503e+02      2.20414569e-02      
1.16562502e+02      2.20414569e-02      
1.16737501e+02      2.20414569e-02      
1.16912500e+02      2.20414569e-02      
1.17075000e+02      9.21033092e-02      
1.17224999e+02      9.50225159e-02      
1.17374999e+02      9.50225159e-02      
1.17524999e+02      9.50225159e-02      
1.17687499e+02      9.50225159e-02      
1.17862500e+02      9.50225159e-02      
1.18037501e+02      4.48686204e-02      
1.18212502e+02      2.48076745e-02      
1.18387503e+02      2.48076745e-02      
1.18562502e+02      2.48076745e-02      
1.18737501e+02      2.48076745e-02      
1.18912500e+02      2.68200574e-02      
1.19100000e+02      8.31630938e-02      
1.19300001e+02      8.31630938e-02      
1.19500002e+02      8.31630938e-02      
1.19700003e+02      8.10386079e-02      
1.19887503e+02      9.05242673e-02      
1.20062502e+02      9.04884019e-02      
1.20237501e+02      8.16939671e-02      
1.20412500e+02      2.40220026e-01      
1.20587500e+02      6.05099302e-01      
1.20762499e+02      4.45813605e-01      
1.20937498e+02      1.62501548e-01      
1.21112497e+02      3.30698601e-01      
1.21299997e+02      8.30870733e+00      
1.21499998e+02      3.42869408e+01      
1.21699999e+02      2.26522597e+01      
1.21900000e+02      2.33751080e+00      
1.22087500e+02      2.23578175e-01      
1.22262499e+02      1.04776093e-01      
1.22437498e+02      7.53270538e-02      
1.22612497e+02      6.34713970e-02      
1.22799997e+02      5.91191875e-02      
1.22999998e+02      5.15815784e-02      
1.23199999e+02      4.57456048e-02      
1.23400000e+02      4.40838669e-02      
1.23587500e+02      5.04788490e-02      
1.23762499e+02      9.06753257e-02      
1.23937498e+02      9.67800321e-02      
1.24112497e+02      7.24920785e-02      
1.24299997e+02      6.88651847e-02      
1.24499998e+02      4.17693604e-02      
1.24699999e+02      3.42209101e-02      
1.24900000e+02      3.41418185e-02      
1.25100000e+02      3.53410114e-02      
1.25300001e+02      4.20708321e-02      
1.25500002e+02      4.53391033e-02      
1.25700003e+02      4.98583251e-02      
1.25900002e+02      7.72870394e-02      
1.26100001e+02      7.37073548e-02      
1.26300000e+02      7.30160043e-02      
1.26499999e+02      1.17924815e-01      
1.26699999e+02      6.03273953e-02      
1.26900000e+02      2.74506825e-02      
1.27100000e+02      2.57346510e-02      
1.27300001e+02      2.92347727e-02      
1.27500001e+02      4.19108133e-02      
1.27700000e+02      4.64426636e-02      
1.27899999e+02      4.31798855e-02      
1.28099998e+02      3.34246675e-02      
1.28299997e+02      2.30935649e-02      
1.28499998e+02      2.20579848e-02      
1.28699999e+02      3.19769473e-02      
1.28900000e+02      3.95389981e-02      
1.29112499e+02      2.86522565e-02      
1.29337498e+02      2.87018430e-02      
1.29562496e+02      3.93416813e-02      
1.29787495e+02      4.52680009e-02      
1.29999994e+02      1.23143361e-01      
1.30199995e+02      2.89309388e-01      
1.30399996e+02      4.20796596e-01      
1.30599997e+02      4.07962586e-01      
1.30812498e+02      1.38558087e-01      
1.31037500e+02      7.05434013e-02      
1.31262503e+02      4.33519163e-02      
1.31487505e+02      3.78069489e-02      
1.31700005e+02      4.61059416e-02      
1.31900002e+02      4.23355608e-02      
1.32099998e+02      3.01212566e-02      
1.32299995e+02      3.20945501e-02      
1.32512495e+02      3.24946851e-02      
1.32737497e+02      3.95720902e-02      
1.32962500e+02      4.74981687e-02      
1.33187502e+02      1.38784282e-01      
1.33412502e+02      7.76393112e-01      
1.33637501e+02      6.07911699e-01      
1.33862499e+02      7.06401820e-02      
1.34087498e+02      3.09450056e-02      
1.34312498e+02      3.16382055e-02      
1.34537500e+02      3.20828954e-02      
1.34762503e+02      3.44830111e-02      
1.34987505e+02      5.16643423e-02      
1.35212505e+02      6.28006106e-02      
1.35437504e+02      7.74742274e-02      
1.35662502e+02      8.60828025e-02      
1.35887501e+02      6.68695573e-02      
1.36125000e+02      5.06415381e-02      
1.36375000e+02      4.70374696e-02      
1.36625000e+02      4.33501605e-02      
1.36875000e+02      4.93882179e-02      
1.37112499e+02      5.60186903e-02      
1.37337498e+02      5.01549536e-02      
1.37562496e+02      4.41483417e-02      
1.37787495e+02      4.66998635e-02      
1.38024994e+02      5.22151368e-02      
1.38274994e+02      4.93653258e-02      
1.38524994e+02      4.88986850e-02      
1.38774994e+02      5.26379858e-02      
1.39137495e+02      1.76278996e-01      
1.39612497e+02      1.54802211e-01      
1.40087500e+02      1.53479182e-01      
1.40562502e+02      1.10895826e-01      
1.41050003e+02      7.43029165e-02      
1.41550003e+02      7.38381338e-02      
1.42050003e+02      7.40853929e-02      
1.42550003e+02      9.07517004e-02      
1.42807146e+02      7.71658726e-02      
1.42821433e+02      7.45847651e-02      
1.42835719e+02      7.43200260e-02      
1.42850006e+02      7.64413870e-02      
1.43112505e+02      9.51108653e-02      
1.43623216e+02      8.97015626e-02      
1.44133927e+02      8.54570012e-02      
1.44644638e+02      9.00191951e-02      
1.45162495e+02      9.03341327e-02      
1.45687496e+02      9.75574942e-02      
1.46212498e+02      1.06154595e-01      
1.46737499e+02      1.25952350e-01      
1.47275000e+02      1.66552974e-01      
1.47824999e+02      1.24234286e-01      
1.48374998e+02      1.51515322e-01      
1.48924997e+02      1.31114990e-01      
1.49487497e+02      1.31055794e-01      
1.50062498e+02      1.41826172e-01      
1.50637499e+02      1.44235459e-01      
1.51212500e+02      1.56818428e-01      
1.51787500e+02      1.52289112e-01      
1.52362501e+02      1.91805817e-01      
1.52937502e+02      2.16716965e-01      
1.53512503e+02      2.38029857e-01      
1.54100002e+02      2.03399093e-01      
1.54700001e+02      5.08593680e-01      
1.55299999e+02      3.34821770e-01      
1.55899998e+02      3.60266135e-01      
1.56512497e+02      2.73266252e-01      
1.57137497e+02      3.02523858e-01      
1.57762497e+02      2.74191368e-01      
1.58387497e+02      2.67851565e-01      
1.59024998e+02      2.85701534e-01      
1.59674999e+02      2.73526213e-01      
1.60325001e+02      3.03310538e-01      
1.60975002e+02      3.54854843e-01      
1.61625002e+02      3.55284505e-01      
1.62275000e+02      4.12363360e-01      
1.62924997e+02      4.27099768e-01      
1.63574995e+02      4.73129604e-01      
1.64245829e+02      5.48413930e-01      
1.64937498e+02      4.45862014e-01      
1.65629167e+02      9.42996537e-01      
1.66320837e+02      5.82016025e-01      
1.66670837e+02      5.47330484e-01      
1.66679169e+02      5.43090905e-01      
1.66687500e+02      5.43090905e-01      
1.66695831e+02      5.62443429e-01      
1.67049997e+02      6.83614583e-01      
1.67749998e+02      6.14747663e-01      
1.68449999e+02      7.06078885e-01      
1.69150000e+02      8.60259142e-01      
1.69862499e+02      1.03294527e+00      
1.70587498e+02      1.08156959e+00      
1.71312496e+02      1.07792668e+00      
1.72037495e+02      1.17261907e+00      
1.72587494e+02      1.20533971e+00      
1.72962494e+02      1.11243336e+00      
1.73337494e+02      1.15235360e+00      
1.73712494e+02      1.22717916e+00      
1.74087494e+02      1.36270260e+00      
1.74462494e+02      1.47320725e+00      
1.74837494e+02      1.43775494e+00      
1.75212494e+02      1.64631574e+00      
1.75599995e+02      1.79238819e+00      
1.75999996e+02      1.87234617e+00      
1.76399998e+02      1.78158082e+00      
1.76799999e+02      2.00311598e+00      
1.77200001e+02      2.36507911e+00      
1.77600002e+02      2.12055212e+00      
1.78000004e+02      2.41943051e+00      
1.78400005e+02      2.45860561e+00      
1.78800005e+02      2.58910081e+00      
1.79200003e+02      2.53962069e+00      
1.79600000e+02      2.39938115e+00      
1.79999998e+02      2.66836908e+00      
1.80399998e+02      2.85091343e+00      
1.80799999e+02      3.46328812e+00      
1.81200001e+02      2.89661945e+00      
1.81600002e+02      4.40006199e+00      
1.82012503e+02      3.71237957e+00      
1.82437502e+02      3.65952528e+00      
1.82862501e+02      3.40281134e+00      
1.83287500e+02      3.69258915e+00      
1.83712500e+02      3.79697117e+00      
1.84137499e+02      3.38991544e+00      
1.84562498e+02      3.20382923e+00      
1.84987497e+02      3.07365132e+00      
1.85412497e+02      3.77592922e+00      
1.85837496e+02      3.92039912e+00      
1.86262495e+02      4.01629309e+00      
1.86687494e+02      4.42128753e+00      
1.87124994e+02      5.01786218e+00      
1.87574995e+02      4.87120978e+00      
1.88024996e+02      4.69374018e+00      
1.88474997e+02      5.30510125e+00      
1.88924997e+02      5.63461101e+00      
1.89374998e+02      6.05780473e+00      
1.89824999e+02      5.48527034e+00      
1.90275000e+02      5.84363385e+00      
1.90725000e+02      6.27671471e+00      
1.91175001e+02      6.31660592e+00      
1.91625002e+02      6.79668858e+00      
1.92075003e+02      7.14596996e+00      
1.92537502e+02      6.92174238e+00      
1.93012501e+02      5.85040729e+00      
1.93487499e+02      4.86844967e+00      
1.93962498e+02      7.15157191e+00      
1.94437498e+02      8.89526342e+00      
1.94912500e+02      8.99190783e+00      
1.95387503e+02      8.53206549e+00      
1.95862505e+02      8.90989870e+00      
1.96337505e+02      9.11560168e+00      
1.96812504e+02      1.06248460e+01      
1.97287502e+02      9.93050166e+00      
1.97762501e+02      9.62709045e+00      
1.98250000e+02      1.01886844e+01      
1.98750000e+02      9.39660562e+00      
1.99250000e+02      1.05292834e+01      
1.99750000e+02      1.06637688e+01      
2.00000000e+02      1.08965431e+01      
2.00000001e+02      1.09206738e+01      
2.00000002e+02      1.09206738e+01      
2.00000003e+02      1.09612892e+01      
2.00250003e+02      1.14201650e+01      
2.00750002e+02      1.18376477e+01      
2.01250001e+02      1.23991297e+01      
2.01750000e+02      1.29516137e+01      
2.02262501e+02      1.29158984e+01      
2.02787502e+02      1.29877779e+01      
2.03312504e+02      1.42048231e+01      
2.03837505e+02      1.46693709e+01      
2.04362505e+02      1.60771438e+01      
2.04887503e+02      1.65015942e+01      
2.05412500e+02      1.66658304e+01      
2.05937498e+02      1.65884775e+01      
2.06462498e+02      1.70793566e+01      
2.06987499e+02      1.84130018e+01      
2.07512501e+02      2.00470216e+01      
2.08037502e+02      2.08876458e+01      
2.08575003e+02      2.35338795e+01      
2.09125002e+02      2.88255261e+01      
2.09675001e+02      3.51190694e+01      
2.10225000e+02      4.03775954e+01      
2.10787500e+02      4.52477991e+01      
2.11362501e+02      4.99640370e+01      
2.11937502e+02      5.87571449e+01      
2.12512503e+02      4.47389091e+01      
2.13087503e+02      4.76827555e+01      
2.13662504e+02      5.04194417e+01      
2.14237505e+02      6.36579726e+01      
2.14812506e+02      6.05746577e+01      
2.15387505e+02      5.86193035e+01      
2.15962502e+02      5.07128096e+01      
2.16537498e+02      4.95841532e+01      
2.17112495e+02      5.01482309e+01      
2.17724995e+02      5.50146666e+01      
2.18374996e+02      7.28450277e+01      
2.19024998e+02      6.68807520e+01      
2.19674999e+02      7.58287340e+01      
2.20275000e+02      7.79565367e+01      
2.20824999e+02      6.57536390e+01      
2.21374998e+02      5.86213162e+01      
2.21924997e+02      6.44773474e+01      
2.22512497e+02      7.57707149e+01      
2.23137497e+02      8.95666153e+01      
2.23762497e+02      1.01619291e+02      
2.24387497e+02      8.88066840e+01      
2.25024998e+02      8.81589979e+01      
2.25674999e+02      7.71921999e+01      
2.26325001e+02      6.34281915e+01      
2.26975002e+02      5.13948331e+01      
2.27625002e+02      6.11984083e+01      
2.28275000e+02      8.06509726e+01      
2.28924997e+02      7.48391262e+01      
2.29574995e+02      7.27688918e+01      
2.30237495e+02      7.32711906e+01      
2.30912498e+02      8.28952813e+01      
2.31587502e+02      7.69532433e+01      
2.32262505e+02      8.27268927e+01      
2.32937506e+02      7.36894883e+01      
2.33612505e+02      6.61327635e+01      
2.34287504e+02      5.75761678e+01      
2.34962503e+02      6.49661280e+01      
2.35587884e+02      8.35087838e+01      
2.36163647e+02      7.28911130e+01      
2.36739410e+02      7.14277856e+01      
2.37315172e+02      7.92011554e+01      
2.37665173e+02      7.44394255e+01      
2.37789411e+02      8.14012630e+01      
2.37913649e+02      7.05435368e+01      
2.38037887e+02      5.87053134e+01      
2.38462505e+02      6.18227604e+01      
2.39187504e+02      7.01787402e+01      
2.39912502e+02      6.17987634e+01      
2.40637501e+02      5.94945148e+01      
2.41362499e+02      6.84561313e+01      
2.42087498e+02      1.01545320e+02      
2.42812496e+02      1.07636586e+02      
2.43537495e+02      9.92740334e+01      
2.44274994e+02      9.84081324e+01      
2.45024994e+02      8.09978479e+01      
2.45774994e+02      7.52067998e+01      
2.46524994e+02      7.43110877e+01      
2.47287495e+02      8.41340689e+01      
2.48062496e+02      7.63185899e+01      
2.48837498e+02      6.50190999e+01      
2.49612499e+02      9.02245080e+01      
2.50400000e+02      9.10433716e+01      
2.51199999e+02      7.83283998e+01      
2.51999998e+02      6.24701821e+01      
2.52799997e+02      6.42080024e+01      
2.53599997e+02      7.96802834e+01      
2.54399996e+02      8.80744728e+01      
2.55199995e+02      1.08262802e+02      
2.55999994e+02      1.31497215e+02      
2.56812496e+02      1.70711888e+02      
2.57637501e+02      1.86180076e+02      
2.58462505e+02      1.89965182e+02      
2.59287510e+02      1.78983706e+02      
2.60137512e+02      1.34851022e+02      
2.61012512e+02      1.22020620e+02      
2.61887512e+02      1.51471966e+02      
2.62762512e+02      1.56295461e+02      
2.63637512e+02      2.71167454e+02      
2.64512512e+02      3.80604438e+02      
2.65387512e+02      3.80165307e+02      
2.66262512e+02      3.86089063e+02      
2.67150009e+02      3.78138921e+02      
2.68050003e+02      3.80835620e+02      
2.68949997e+02      3.65771004e+02      
2.69849991e+02      3.80304127e+02      
2.70762489e+02      4.05467296e+02      
2.71687492e+02      3.23193412e+02      
2.72612495e+02      3.09575155e+02      
2.73537498e+02      3.14337689e+02      
2.74125601e+02      2.25395107e+02      
2.74376802e+02      1.91239089e+02      
2.74628003e+02      2.05392884e+02      
2.74879204e+02      1.96467359e+02      
2.75354202e+02      2.58720470e+02      
2.76052998e+02      3.39525523e+02      
2.76751794e+02      3.84554047e+02      
2.77450590e+02      3.71893859e+02      
2.78287491e+02      2.63327266e+02      
2.79262497e+02      1.57905558e+02      
2.80237503e+02      1.24574270e+02      
2.81212509e+02      2.62717239e+02      
2.82113240e+02      4.11685970e+02      
2.82939697e+02      4.77740724e+02      
2.83766153e+02      4.72453975e+02      
2.84592609e+02      3.78334811e+02      
2.85092609e+02      2.28320238e+02      
2.85266153e+02      1.68639507e+02      
2.85439697e+02      1.86678160e+02      
2.85613240e+02      2.78254894e+02      
2.86225010e+02      4.72007670e+02      
2.87275005e+02      5.36022304e+02      
2.88325001e+02      4.68499121e+02      
2.89374996e+02      6.77590837e+02      
2.90424995e+02      9.11441145e+02      
2.91474998e+02      8.81257318e+02      
2.92525002e+02      7.81671837e+02      
2.93575005e+02      8.16964157e+02      
2.94650005e+02      7.71104734e+02      
2.95750004e+02      8.54327724e+02      
2.96850002e+02      7.11840397e+02      
2.97950001e+02      7.82475057e+02      
2.99062500e+02      7.22062505e+02      
3.00187500e+02      6.63419930e+02      
3.01312500e+02      7.03737387e+02      
3.02437500e+02      7.18274711e+02      
3.03513304e+02      9.48469094e+02      
3.04539913e+02      9.12284370e+02      
3.05566522e+02      8.97558786e+02      
3.06593131e+02      8.55654935e+02      
3.07180632e+02      9.42014515e+02      
3.07329027e+02      9.52236889e+02      
3.07477421e+02      9.65702315e+02      
3.07625815e+02      9.45490804e+02      
3.08300011e+02      9.55183731e+02      
3.09500008e+02      7.72626274e+02      
3.10700005e+02      1.02148575e+03      
3.11900002e+02      1.05201649e+03      
3.13125000e+02      1.03749117e+03      
3.14375000e+02      1.03213057e+03      
3.15625000e+02      9.40274309e+02      
3.16875000e+02      1.08990743e+03      
3.18125000e+02      1.04720404e+03      
3.19375000e+02      1.07398279e+03      
3.20625000e+02      1.19577058e+03      
3.21875000e+02      1.06831157e+03      
3.23125000e+02      9.82340533e+02      
3.24375000e+02      1.14835473e+03      
3.25625000e+02      1.37099763e+03      
3.26875000e+02      1.47743882e+03      
3.27713409e+02      1.44573787e+03      
3.28140227e+02      1.39312047e+03      
3.28567045e+02      1.38945906e+03      
3.28993862e+02      1.48829551e+03      
3.29618862e+02      1.65698427e+03      
3.30442045e+02      1.55031393e+03      
3.31265227e+02      1.46943076e+03      
3.32088409e+02      1.46458015e+03      
3.33125000e+02      1.42354839e+03      
3.34375000e+02      1.45154076e+03      
3.35625000e+02      1.39497220e+03      
3.36875000e+02      1.23081804e+03      
3.37962972e+02      1.36284623e+03      
3.38888917e+02      1.44622542e+03      
3.39814862e+02      1.52481516e+03      
3.40740807e+02      1.49900874e+03      
3.41365807e+02      1.40124908e+03      
3.41689862e+02      1.37706819e+03      
3.42013917e+02      1.52773949e+03      
3.42337972e+02      1.49135385e+03      
3.42812500e+02      1.54949483e+03      
3.43437500e+02      1.51603024e+03      
3.44062500e+02      1.21758939e+03      
3.44687500e+02      1.33509924e+03      
3.46250000e+02      1.42510174e+03      
3.48750000e+02      1.36636380e+03      
3.51250000e+02      1.53301588e+03      
3.53750000e+02      1.58559055e+03      
3.56250000e+02      1.45488462e+03      
3.58750000e+02      1.30120802e+03      
3.61250000e+02      1.43524992e+03      
3.63750000e+02      1.56401617e+03      
3.66250000e+02      1.83376888e+03      
3.68750000e+02      1.78690592e+03      
3.71250000e+02      1.74359275e+03      
3.73750000e+02      1.46095052e+03      
3.76250000e+02      1.67210830e+03      
3.78750000e+02      1.86641495e+03      
3.81250000e+02      1.65134242e+03      
3.83750000e+02      1.18070420e+03      
3.85625050e+02      1.51877597e+03      
3.86875151e+02      1.53817510e+03      
3.88125252e+02      1.51781044e+03      
3.89375353e+02      1.70282244e+03      
3.90625353e+02      1.86800966e+03      
3.91875252e+02      1.85003823e+03      
3.93125151e+02      1.08680245e+03      
3.94375050e+02      1.52670506e+03      
3.96250000e+02      1.44805541e+03      
3.98750000e+02      2.18874948e+03      
4.01250000e+02      2.57260675e+03      
4.03750000e+02      2.54503374e+03      
4.06250000e+02      2.45581352e+03      
4.08750000e+02      2.52024643e+03      
4.11250000e+02      2.53178212e+03      
4.13750000e+02      2.61628839e+03      
4.16250000e+02      2.63123906e+03      
4.18750000e+02      2.56885340e+03      
4.21250000e+02      2.63728928e+03      
4.23750000e+02      2.54477504e+03      
4.26250000e+02      2.53118520e+03      
4.28750000e+02      2.38574283e+03      
4.31250000e+02      2.17421392e+03      
4.33750000e+02      2.43225547e+03      
4.36250000e+02      2.67307805e+03      
4.38750000e+02      2.60218717e+03      
4.41250000e+02      2.80419997e+03      
4.43750000e+02      2.90689428e+03      
4.45625561e+02      2.79377538e+03      
4.46876683e+02      2.91233908e+03      
4.48127805e+02      3.00673727e+03      
4.49378927e+02      3.00959627e+03      
4.50628927e+02      3.18462340e+03      
4.51877805e+02      3.13671369e+03      
4.53126683e+02      2.84216243e+03      
4.54375561e+02      3.06973976e+03      
4.56250000e+02      3.10557047e+03      
4.58750000e+02      3.07247827e+03      
4.61250000e+02      3.09701236e+03      
4.63750000e+02      3.08666467e+03      
4.66250000e+02      2.99485809e+03      
4.68750000e+02      3.02503550e+03      
4.71250000e+02      2.97905573e+03      
4.73750000e+02      3.07565942e+03      
4.76250000e+02      3.06321562e+03      
4.78750000e+02      3.11300791e+03      
4.81250000e+02      3.11448014e+03      
4.83750000e+02      3.04124503e+03      
4.86250000e+02      2.64206284e+03      
4.88750000e+02      2.91225659e+03      
4.91250000e+02      2.92727701e+03      
4.93750000e+02      2.95285788e+03      
4.96250000e+02      2.98292836e+03      
4.98750000e+02      2.91053260e+03      
5.01250000e+02      2.75445612e+03      
5.03750000e+02      2.86225832e+03      
5.06250000e+02      2.92000734e+03      
5.08750000e+02      2.77409856e+03      
5.11250000e+02      2.87941320e+03      
5.13750000e+02      2.72552062e+03      
5.16250000e+02      2.59083726e+03      
5.18750000e+02      2.59619804e+03      
5.21250000e+02      2.77590084e+03      
5.23750000e+02      2.74205240e+03      
5.26250000e+02      2.66950725e+03      
5.28750000e+02      2.80146472e+03      
5.31250000e+02      2.84942805e+03      
5.33750000e+02      2.70767061e+03      
5.35626888e+02      2.84724864e+03      
5.36880663e+02      2.75910939e+03      
5.38134438e+02      2.81290655e+03      
5.39388214e+02      2.76042641e+03      
5.40638214e+02      2.64271028e+03      
5.41884438e+02      2.76698595e+03      
5.43130663e+02      2.72119269e+03      
5.44376888e+02      2.80432808e+03      
5.45563869e+02      2.81566641e+03      
5.46691608e+02      2.82358337e+03      
5.47819347e+02      2.75642868e+03      
5.48947086e+02      2.78770897e+03      
5.50197086e+02      2.80822172e+03      
5.51569347e+02      2.78467555e+03      
5.52941608e+02      2.75190694e+03      
5.54313869e+02      2.82159158e+03      
5.56250000e+02      2.75831887e+03      
5.58750000e+02      2.66955532e+03      
5.61250000e+02      2.69278302e+03      
5.63750000e+02      2.74987060e+03      
5.65200540e+02      2.71691424e+03      
5.65601619e+02      2.66971183e+03      
5.66002698e+02      2.54852812e+03      
5.66403777e+02      2.66422769e+03      
5.67653777e+02      2.71556095e+03      
5.69752698e+02      2.67138849e+03      
5.71851619e+02      2.67778918e+03      
5.73950540e+02      2.75723704e+03      
5.76250000e+02      2.69551117e+03      
5.78750000e+02      2.67357770e+03      
5.81250000e+02      2.70632486e+03      
5.83750000e+02      2.72135511e+03      
5.86250000e+02      2.65140730e+03      
5.88750000e+02      2.52361965e+03      
5.91250000e+02      2.64599188e+03      
5.93750000e+02      2.63404047e+03      
5.96250000e+02      2.62096467e+03      
5.98750000e+02      2.59607958e+03      
6.01250000e+02      2.55095002e+03      
6.03750000e+02      2.58506850e+03      
6.05004234e+02      2.60425760e+03      
6.05012703e+02      2.60888596e+03      
6.05021172e+02      2.60941128e+03      
6.05029640e+02      2.59480913e+03      
6.06279640e+02      2.59105260e+03      
6.08771172e+02      2.56925322e+03      
6.11262703e+02      2.54302248e+03      
6.13754234e+02      2.49479392e+03      
6.16250000e+02      2.45199548e+03      
6.18750000e+02      2.50589024e+03      
6.21250000e+02      2.50483753e+03      
6.23750000e+02      2.43757849e+03      
6.26250000e+02      2.45446129e+03      
6.28750000e+02      2.48666805e+03      
6.31250000e+02      2.42393607e+03      
6.33750000e+02      2.43329064e+03      
6.36250000e+02      2.42276964e+03      
6.38750000e+02      2.42554094e+03      
6.41250000e+02      2.36891848e+03      
6.43750000e+02      2.39689188e+03      
6.46250000e+02      2.36167831e+03      
6.48750000e+02      2.34210506e+03      
6.51250000e+02      2.36213777e+03      
6.53750000e+02      2.32893019e+03      
6.56250000e+02      2.06605009e+03      
6.58750000e+02      2.26380153e+03      
6.61250000e+02      2.30429344e+03      
6.63750000e+02      2.26111705e+03      
6.65208336e+02      2.26139535e+03      
6.65625007e+02      2.27400675e+03      
6.66041679e+02      2.26451603e+03      
6.66458351e+02      2.21818409e+03      
6.67708351e+02      2.26304031e+03      
6.69791679e+02      2.27951119e+03      
6.71875007e+02      2.27148811e+03      
6.73958336e+02      2.27460119e+03      
6.76250000e+02      2.24933577e+03      
6.78750000e+02      2.22226856e+03      
6.81250000e+02      2.20504627e+03      
6.83750000e+02      2.19357162e+03      
6.85760623e+02      2.20541201e+03      
6.87281868e+02      2.22543421e+03      
6.88803113e+02      2.19567063e+03      
6.90324358e+02      2.17999474e+03      
6.91574358e+02      2.15329035e+03      
6.92553113e+02      2.14905327e+03      
6.93531868e+02      2.15174029e+03      
6.94510623e+02      2.15575910e+03      
6.96250000e+02      2.17463701e+03      
6.98750000e+02      2.15330677e+03      
7.01250000e+02      2.12206157e+03      
7.03750000e+02      2.13999923e+03      
7.06250000e+02      2.12592144e+03      
7.08750000e+02      2.10298762e+03      
7.11250000e+02      2.07612133e+03      
7.13750000e+02      2.04717132e+03      
7.16250000e+02      2.03010466e+03      
7.18750000e+02      2.00551206e+03      
7.21250000e+02      2.00876377e+03      
7.23750000e+02      2.00552871e+03      
7.26250000e+02      1.99383966e+03      
7.28750000e+02      1.95235352e+03      
7.31250000e+02      1.96819188e+03      
7.33750000e+02      1.96637888e+03      
7.36250000e+02      1.94735720e+03      
7.38750000e+02      1.91277933e+03      
7.41250000e+02      1.89185367e+03      
7.43750000e+02      1.91539976e+03      
7.45859962e+02      1.91202531e+03      
7.47579885e+02      1.91895371e+03      
7.49299808e+02      1.88964996e+03      
7.51019731e+02      1.88337363e+03      
7.52269731e+02      1.88295578e+03      
7.53049808e+02      1.88773844e+03      
7.53829885e+02      1.89703616e+03      
7.54609962e+02      1.88788193e+03      
7.56250000e+02      1.87956710e+03      
7.58750000e+02      1.86183194e+03      
7.61250000e+02      1.82907731e+03      
7.63750000e+02      1.84522835e+03      
7.66250000e+02      1.78372933e+03      
7.68750000e+02      1.80774056e+03      
7.71250000e+02      1.78759763e+03      
7.73750000e+02      1.78453848e+03      
7.75857604e+02      1.76162553e+03      
7.77572811e+02      1.75447010e+03      
7.79288018e+02      1.74896457e+03      
7.81003225e+02      1.74253318e+03      
7.82253225e+02      1.75788155e+03      
7.83038018e+02      1.73092230e+03      
7.83822811e+02      1.71383439e+03      
7.84607604e+02      1.73585661e+03      
7.86250000e+02      1.71953280e+03      
7.88750000e+02      1.72813697e+03      
7.91250000e+02      1.70928764e+03      
7.93750000e+02      1.66070325e+03      
7.96250000e+02      1.69634928e+03      
7.98750000e+02      1.68219088e+03      
8.01250000e+02      1.67356582e+03      
8.03750000e+02      1.66089090e+03      
8.06250000e+02      1.65881852e+03      
8.08750000e+02      1.64193194e+03      
8.11250000e+02      1.65365161e+03      
8.13750000e+02      1.65604683e+03      
8.16250000e+02      1.63855631e+03      
8.18750000e+02      1.59425633e+03      
8.21250000e+02      1.57921245e+03      
8.23750000e+02      1.59786382e+03      
8.26250000e+02      1.59692898e+03      
8.28750000e+02      1.58138519e+03      
8.31250000e+02      1.57440596e+03      
8.33750000e+02      1.52435473e+03      
8.35932497e+02      1.55637075e+03      
8.37797491e+02      1.54164655e+03      
8.39662485e+02      1.53319216e+03      
8.41527480e+02      1.53686295e+03      
8.42777480e+02      1.50344676e+03      
8.43412485e+02      1.49386423e+03      
8.44047491e+02      1.48403142e+03      
8.44682497e+02      1.52774011e+03      
8.46250000e+02      1.51323036e+03      
8.48750000e+02      1.46186028e+03      
8.51250000e+02      1.42477847e+03      
8.53750000e+02      1.27088388e+03      
8.56250000e+02      1.44495660e+03      
8.58750000e+02      1.45384020e+03      
8.61250000e+02      1.46231760e+03      
8.63750000e+02      1.48197044e+03      
8.66250000e+02      1.34497437e+03      
8.68750000e+02      1.44948108e+03      
8.71250000e+02      1.47803747e+03      
8.73750000e+02      1.44966858e+03      
8.76250000e+02      1.41954897e+03      
8.78750000e+02      1.42724276e+03      
8.81250000e+02      1.39187256e+03      
8.83750000e+02      1.39775520e+03      
8.85783196e+02      1.38402775e+03      
8.87349589e+02      1.36219911e+03      
8.88915982e+02      1.39073616e+03      
8.90482375e+02      1.39524304e+03      
8.91732375e+02      1.37746844e+03      
8.92665982e+02      1.34401409e+03      
8.93599589e+02      1.36930250e+03      
8.94533196e+02      1.34211787e+03      
8.96250000e+02      1.36500938e+03      
8.98750000e+02      1.35262821e+03      
9.01250000e+02      1.28825778e+03      
9.03750000e+02      1.34409119e+03      
9.06250000e+02      1.32945800e+03      
9.08750000e+02      1.29266968e+03      
9.11250000e+02      1.29690963e+03      
9.13750000e+02      1.31651006e+03      
9.16250000e+02      1.29928478e+03      
9.18750000e+02      1.29363551e+03      
9.21250000e+02      1.25878542e+03      
9.23750000e+02      1.23104865e+03      
9.26250000e+02      1.24793535e+03      
9.28750000e+02      1.26596045e+03      
9.31250000e+02      1.26187833e+03      
9.33750000e+02      1.25932864e+03      
9.36250000e+02      1.24114954e+03      
9.38750000e+02      1.24065449e+03      
9.41250000e+02      1.19355720e+03      
9.43750000e+02      1.21064380e+03      
9.46250000e+02      1.21674238e+03      
9.48750000e+02      1.21926983e+03      
9.51250000e+02      1.20573919e+03      
9.53750000e+02      1.17958494e+03      
9.55817304e+02      1.15959587e+03      
9.57451913e+02      1.18014354e+03      
9.59086521e+02      1.19197673e+03      
9.60721130e+02      1.17154274e+03      
9.61971130e+02      1.18148082e+03      
9.62836521e+02      1.16114996e+03      
9.63701913e+02      1.16109606e+03      
9.64567304e+02      1.16639898e+03      
9.66250000e+02      1.15392949e+03      
9.68750000e+02      1.15652657e+03      
9.71250000e+02      1.15397102e+03      
9.73750000e+02      1.13677854e+03      
9.76250000e+02      1.13695808e+03      
9.78750000e+02      1.12988690e+03      
9.81250000e+02      1.13094633e+03      
9.83750000e+02      1.12200386e+03      
9.86250000e+02      1.11532005e+03      
9.88750000e+02      1.10432681e+03      
9.91250000e+02      1.10174044e+03      
9.93750000e+02      1.10223790e+03      
9.96250000e+02      1.09628935e+03      
9.98750000e+02      1.08959929e+03      
1.00125000e+03      1.08675624e+03      
1.00375000e+03      1.05977062e+03      
1.00625000e+03      1.03676847e+03      
1.00875000e+03      1.06670740e+03      
1.01125000e+03      1.06144732e+03      
1.01375000e+03      1.05197983e+03      
1.01625000e+03      1.04214007e+03      
1.01875000e+03      1.03180541e+03      
1.02125000e+03      1.02893595e+03      
1.02375000e+03      1.03555505e+03      
1.02625000e+03      1.03075646e+03      
1.02875000e+03      1.02232024e+03      
1.03125000e+03      1.01733991e+03      
1.03375000e+03      9.99518323e+02      
1.03515868e+03      9.93044838e+02      
1.03547603e+03      1.00559918e+03      
1.03579339e+03      1.00750596e+03      
1.03611075e+03      1.00833175e+03      
1.03736075e+03      9.90550982e+02      
1.03954339e+03      9.94570871e+02      
1.04172603e+03      9.92462330e+02      
1.04390868e+03      9.88735632e+02      
1.04625000e+03      9.71402025e+02      
1.04875000e+03      9.81624963e+02      
1.05125000e+03      9.75221802e+02      
1.05375000e+03      9.69467044e+02      
1.05625000e+03      9.70506423e+02      
1.05875000e+03      9.50744673e+02      
1.06125000e+03      9.48922467e+02      
1.06375000e+03      9.50250295e+02      
1.06556484e+03      9.51445327e+02      
1.06669451e+03      9.31307322e+02      
1.06782418e+03      9.44826844e+02      
1.06895385e+03      8.95762283e+02      
1.07020385e+03      9.28462995e+02      
1.07157418e+03      9.35632923e+02      
1.07294451e+03      9.17175878e+02      
1.07431484e+03      9.26047188e+02      
1.07625000e+03      9.26686382e+02      
1.07875000e+03      9.18822528e+02      
1.08125000e+03      9.07276473e+02      
1.08375000e+03      9.01440795e+02      
1.08687500e+03      8.97192205e+02      
1.09062500e+03      8.99338602e+02      
1.09437500e+03      8.58317334e+02      
1.09812500e+03      8.70509391e+02      
1.10374294e+03      8.69321727e+02      
1.11122881e+03      8.61143082e+02      
1.11871468e+03      8.47133918e+02      
1.12620055e+03      8.28303610e+02      
1.13903128e+03      8.08248705e+02      
1.15720685e+03      7.85683241e+02      
1.17538242e+03      7.59172362e+02      
1.19355799e+03      7.32347598e+02      
1.21571375e+03      7.07781723e+02      
1.24184971e+03      6.77936186e+02      
1.26798566e+03      6.51364475e+02      
1.29412161e+03      6.19147582e+02      
1.32261778e+03      5.93220523e+02      
1.35347418e+03      5.65891539e+02      
1.38433059e+03      5.39568994e+02      
1.41518699e+03      5.11190260e+02      
1.44740644e+03      4.87175592e+02      
1.48098895e+03      4.61029411e+02      
1.51457146e+03      4.34839359e+02      
1.54815397e+03      4.12659181e+02      
1.58029753e+03      3.87255312e+02      
1.61100215e+03      3.69084188e+02      
1.64170676e+03      3.48310537e+02      
1.67241138e+03      3.27694438e+02      
1.70956790e+03      3.08642699e+02      
1.75317633e+03      2.82207023e+02      
1.79678476e+03      2.60481115e+02      
1.84039319e+03      2.41323495e+02      
1.88194796e+03      2.20992990e+02      
1.92144910e+03      2.07868016e+02      
1.96095023e+03      1.91290482e+02      
2.00045136e+03      1.79187193e+02      
2.04300708e+03      1.65939061e+02      
2.08861738e+03      1.53917005e+02      
2.13422769e+03      1.42811516e+02      
2.17983800e+03      1.30622947e+02      
2.23748645e+03      1.18810228e+02      
2.30717304e+03      1.05678109e+02      
2.37685964e+03      9.35759670e+01      
2.44654623e+03      8.46458966e+01      
2.50366265e+03      7.81913123e+01      
2.54820889e+03      7.33163883e+01      
2.59275514e+03      6.90573574e+01      
2.63730139e+03      6.49079650e+01      
2.69209120e+03      6.04548735e+01      
2.75712457e+03      5.58385905e+01      
2.82215795e+03      5.14631526e+01      
2.88719133e+03      4.74148449e+01      
2.95966840e+03      4.34656693e+01      
3.03958917e+03      3.96548187e+01      
3.11950994e+03      3.61718254e+01      
3.19943070e+03      3.30435005e+01      
3.28153443e+03      3.01887581e+01      
3.36582112e+03      2.75774491e+01      
3.45010781e+03      2.52397768e+01      
3.53439450e+03      2.30700534e+01      
3.63067350e+03      2.09328485e+01      
3.73894480e+03      1.88788471e+01      
3.84721610e+03      1.70184843e+01      
3.95548740e+03      1.54972874e+01      
4.02990538e+03      1.44699744e+01      
4.07047004e+03      1.38361860e+01      
4.11103469e+03      1.33504423e+01      
4.15159935e+03      1.27998439e+01      
4.21857828e+03      1.20735759e+01      
4.31197149e+03      1.12026374e+01      
4.40536469e+03      1.03530708e+01      
4.49875790e+03      9.58938241e+00      
4.58702880e+03      8.92406977e+00      
4.67017740e+03      8.34013632e+00      
4.75332600e+03      7.81306900e+00      
4.83647460e+03      7.33602053e+00      
4.90931845e+03      6.94196759e+00      
4.97185755e+03      6.60517141e+00      
5.03439665e+03      6.30741273e+00      
5.09693575e+03      6.01839785e+00      
5.16285533e+03      5.73543389e+00      
5.23215538e+03      5.46080143e+00      
5.30145544e+03      5.19768603e+00      
5.37075549e+03      4.94736297e+00      
5.44401556e+03      4.70403372e+00      
5.52123564e+03      4.46153894e+00      
5.59845573e+03      4.23564764e+00      
5.67567581e+03      4.02084043e+00      
5.75757587e+03      3.80940556e+00      
5.84415591e+03      3.60352019e+00      
5.93073595e+03      3.40901427e+00      
6.01731598e+03      3.22427220e+00      
6.10948187e+03      3.04414990e+00      
6.20723361e+03      2.86885421e+00      
6.30498534e+03      2.70440241e+00      
6.40273708e+03      2.54895152e+00      
6.50723028e+03      2.39729781e+00      
6.61846495e+03      2.24938289e+00      
6.72969961e+03      2.11214853e+00      
6.84093428e+03      1.98109429e+00      
6.96040857e+03      1.85532100e+00      
7.08812249e+03      1.73320652e+00      
7.21583641e+03      1.61893291e+00      
7.34355032e+03      1.51534753e+00      
7.46187353e+03      1.42578144e+00      
7.57080603e+03      1.34734226e+00      
7.67973852e+03      1.27582616e+00      
7.78867102e+03      1.20775406e+00      
7.90441173e+03      1.14119283e+00      
8.02696067e+03      1.07655631e+00      
8.14950961e+03      1.01583332e+00      
8.27205855e+03      9.56294120e-01      
8.41982520e+03      8.93707113e-01      
8.59280956e+03      8.29109332e-01      
8.76579392e+03      7.67419797e-01      
8.93877828e+03      7.15134384e-01      
9.07082057e+03      6.75629566e-01      
9.16192079e+03      6.47188246e-01      
9.25302100e+03      6.22829807e-01      
9.34412122e+03      5.97982300e-01      
9.46596241e+03      5.68879304e-01      
9.61854458e+03      5.36475217e-01      
9.77112675e+03      5.04869170e-01      
9.92370892e+03      4.75372159e-01      
1.00797873e+04      4.47333115e-01      
1.02393618e+04      4.21091809e-01      
1.03989363e+04      3.96645114e-01      
1.05585108e+04      3.73308898e-01      
1.07370822e+04      3.49768789e-01      
1.09346507e+04      3.26488740e-01      
1.11322191e+04      3.04613829e-01      
1.13297875e+04      2.83535884e-01      
1.15625002e+04      2.62047932e-01      
1.18303573e+04      2.40452703e-01      
1.20982144e+04      2.20352101e-01      
1.23660715e+04      2.01733962e-01      
1.26736112e+04      1.83357986e-01      
1.30208335e+04      1.65490943e-01      
1.33680558e+04      1.49356839e-01      
1.37152781e+04      1.35430769e-01      
1.40268412e+04      1.24070409e-01      
1.43027449e+04      1.14649792e-01      
1.45786486e+04      1.06403474e-01      
1.48545523e+04      9.87878841e-02      
1.51443729e+04      9.16024778e-02      
1.54481106e+04      8.48406731e-02      
1.57518482e+04      7.85717972e-02      
1.60555859e+04      7.24122598e-02      
1.64751008e+04      6.54810565e-02      
1.70103929e+04      5.81539251e-02      
1.75456851e+04      5.14973189e-02      
1.80809772e+04      4.58530761e-02      
1.85802979e+04      4.11879482e-02      
1.90436473e+04      3.73058448e-02      
1.95069966e+04      3.39515245e-02      
1.99703460e+04      3.08160136e-02      
2.05176771e+04      2.77144051e-02      
2.11489899e+04      2.46983704e-02      
2.17803028e+04      2.19957865e-02      
2.24116156e+04      1.95371081e-02      
2.31758368e+04      1.71273250e-02      
2.40729663e+04      1.48267952e-02      
2.49700959e+04      1.28302341e-02      
2.58672254e+04      1.11398947e-02      
2.68141952e+04      9.66651019e-03      
2.78110051e+04      8.38020083e-03      
2.88078151e+04      7.29197578e-03      
2.98046250e+04      6.33571160e-03      
3.09794371e+04      5.43982627e-03      
3.23322513e+04      4.61943177e-03      
3.36850655e+04      3.92638297e-03      
3.50378797e+04      3.30980856e-03      
3.69318190e+04      2.69091714e-03      
3.93668833e+04      2.12032765e-03      
4.18019476e+04      1.66996829e-03      
4.42370119e+04      1.30788887e-03      
4.75852261e+04      9.81752243e-04      
5.18465900e+04      7.11862146e-04      
5.61079540e+04      5.19556034e-04      
6.03693180e+04      3.73118110e-04      
6.71875000e+04      2.45947820e-04      
7.65625000e+04      1.51903493e-04      
8.59375000e+04      9.56239579e-05      
9.53125000e+04      6.61406252e-05      
1.00000000e+05      2.91865577e-05      
