Wavelength(nm)      SolarFlux(mW/m^2/nm)
1.00000000e+00      1.33680897e-02      
1.37500000e+00      1.06940794e-02      
2.12500000e+00      1.02716917e-01      
2.87500000e+00      1.31490157e-01      
3.62500000e+00      9.70138002e-02      
4.12500000e+00      1.21824744e-01      
4.37500000e+00      1.34230217e-01      
4.62500000e+00      1.34230217e-01      
4.87500000e+00      1.34230217e-01      
5.12500000e+00      2.30714315e-01      
5.37500000e+00      2.30714315e-01      
5.62500000e+00      2.30714315e-01      
5.87500000e+00      2.30714315e-01      
6.12500000e+00      2.05210182e-01      
6.37500000e+00      2.05210182e-01      
6.62500000e+00      2.05210182e-01      
6.87500000e+00      2.05210182e-01      
7.12500000e+00      2.15411835e-01      
7.37500000e+00      2.15411835e-01      
7.62500000e+00      2.15411835e-01      
7.87500000e+00      2.15411835e-01      
8.12500000e+00      1.31267813e-01      
8.37500000e+00      1.31267813e-01      
8.62500000e+00      1.31267813e-01      
8.87500000e+00      1.31267813e-01      
9.12500000e+00      1.47315799e-01      
9.37500000e+00      1.47315799e-01      
9.62500000e+00      1.47315799e-01      
9.87500000e+00      1.47315799e-01      
1.01250000e+01      5.11652155e-02      
1.03750000e+01      5.11652155e-02      
1.06250000e+01      5.11652155e-02      
1.08750000e+01      5.11652155e-02      
1.11250000e+01      3.66670966e-02      
1.13750000e+01      3.66670966e-02      
1.16250000e+01      3.66670966e-02      
1.18750000e+01      3.66670966e-02      
1.21000000e+01      2.37788530e-02      
1.23000001e+01      2.29733387e-02      
1.25000001e+01      2.29733387e-02      
1.27000002e+01      2.29733387e-02      
1.31125002e+01      2.23143438e-02      
1.37375002e+01      2.60299258e-02      
1.43625002e+01      7.04306456e-02      
1.49875002e+01      7.72450985e-02      
1.55875002e+01      8.49483832e-02      
1.61625003e+01      1.08869397e-01      
1.67375003e+01      1.32754788e-01      
1.73125004e+01      5.12044527e-01      
1.79625003e+01      3.90830219e-01      
1.86875002e+01      2.56157566e-01      
1.94125001e+01      2.63281132e-01      
2.01375000e+01      1.70851984e-01      
2.08250000e+01      1.21134546e-01      
2.14750001e+01      9.86421410e-02      
2.21250002e+01      1.26254529e-01      
2.27750003e+01      1.21419599e-01      
2.35875003e+01      7.83328454e-02      
2.45625002e+01      1.80506408e-01      
2.55375001e+01      2.83658765e-01      
2.65125000e+01      9.63075319e-02      
2.71250000e+01      1.38638141e-01      
2.73750000e+01      1.69327828e-01      
2.76250000e+01      1.69327828e-01      
2.78750000e+01      1.76896670e-01      
2.82500000e+01      2.07172038e-01      
2.87500000e+01      2.07172038e-01      
2.92500000e+01      5.92676826e-02      
2.97500000e+01      5.92676826e-02      
3.02500000e+01      1.25754997e+00      
3.07500000e+01      1.25754997e+00      
3.12500000e+01      2.44251125e-01      
3.17500000e+01      2.44251125e-01      
3.22500000e+01      3.39204976e-01      
3.27500000e+01      3.39204976e-01      
3.32500000e+01      3.33123221e-01      
3.37500000e+01      3.33123221e-01      
3.42500000e+01      1.42430776e-01      
3.47500000e+01      1.42430776e-01      
3.52500000e+01      1.22537552e-01      
3.57500000e+01      1.22537552e-01      
3.61250000e+01      1.57364427e-01      
3.63750000e+01      1.66071146e-01      
3.66250000e+01      1.66071146e-01      
3.68750000e+01      1.19843269e-01      
3.73750000e+01      2.73875157e-02      
3.81250000e+01      1.69582869e-02      
3.88750000e+01      1.17201303e-02      
3.96250000e+01      1.16730457e-02      
4.03750000e+01      1.95773653e-02      
4.11250000e+01      3.21345543e-02      
4.18750000e+01      2.87758561e-02      
4.26250000e+01      9.50127066e-03      
4.33750000e+01      2.21493590e-02      
4.41250000e+01      1.31771356e-02      
4.48750000e+01      9.03565674e-03      
4.56250000e+01      9.72492229e-03      
4.62500000e+01      3.23307399e-02      
4.67500000e+01      3.51564671e-02      
4.72500000e+01      1.39605703e-02      
4.77500000e+01      1.39605703e-02      
4.82500000e+01      2.32479986e-02      
4.87500000e+01      2.32479986e-02      
4.92500000e+01      8.27707225e-02      
4.97500000e+01      8.27707225e-02      
5.02500000e+01      3.37243119e-02      
5.07500000e+01      3.37243119e-02      
5.12500000e+01      1.15572962e-02      
5.17500000e+01      1.15572962e-02      
5.22500000e+01      2.03640697e-02      
5.27500000e+01      2.03640697e-02      
5.32500000e+01      1.50082016e-02      
5.37500000e+01      1.50082016e-02      
5.42500000e+01      9.67391403e-03      
5.47500000e+01      9.67391403e-03      
5.52500000e+01      4.33177898e-02      
5.57500000e+01      4.33177898e-02      
5.62500000e+01      1.32072174e-02      
5.67500000e+01      1.32072174e-02      
5.72500000e+01      1.31581710e-02      
5.77500000e+01      1.31581710e-02      
5.82500000e+01      7.45309256e-02      
5.87500000e+01      7.45309256e-02      
5.92500000e+01      1.55535977e-02      
5.97500000e+01      1.55535977e-02      
6.02500000e+01      6.39761380e-02      
6.07500000e+01      6.39761380e-02      
6.12500000e+01      1.94537683e-02      
6.17500000e+01      1.94537683e-02      
6.21250000e+01      7.14727838e-02      
6.23750000e+01      8.44775376e-02      
6.26250000e+01      8.44775376e-02      
6.28750000e+01      5.29308863e-02      
6.36250000e+01      1.72579605e-02      
6.48750000e+01      4.46871656e-03      
6.61250000e+01      3.59058963e-03      
6.73750000e+01      3.48425701e-03      
6.83750000e+01      1.08608372e-02      
6.91250000e+01      1.00061217e-02      
6.98750000e+01      1.37853111e-02      
7.06250000e+01      2.34245657e-02      
7.13750000e+01      1.02624710e-02      
7.21250000e+01      8.58573766e-03      
7.28750000e+01      8.52949778e-03      
7.36250000e+01      1.00937513e-02      
7.43750000e+01      1.24381697e-02      
7.51250000e+01      1.67712566e-02      
7.58750000e+01      2.85358556e-02      
7.66250000e+01      4.77319668e-02      
7.71250000e+01      4.52338696e-02      
7.73750000e+01      4.39848210e-02      
7.76250000e+01      4.39848210e-02      
7.78750000e+01      4.39848210e-02      
7.81250000e+01      6.12883947e-02      
7.83750000e+01      6.12883947e-02      
7.86250000e+01      6.12883947e-02      
7.88750000e+01      6.12883947e-02      
7.91250000e+01      2.86431038e-02      
7.93750000e+01      2.86431038e-02      
7.96250000e+01      2.86431038e-02      
7.98750000e+01      2.89831589e-02      
8.03750000e+01      2.96632691e-02      
8.11250000e+01      3.23575520e-02      
8.18750000e+01      3.90736404e-02      
8.26250000e+01      4.98115346e-02      
8.30749998e+01      6.71445086e-02      
8.32249994e+01      8.44775376e-02      
8.33749990e+01      8.44775376e-02      
8.35249987e+01      8.44775376e-02      
8.38999987e+01      7.51975104e-02      
8.44999990e+01      6.18573331e-02      
8.50999994e+01      6.65396229e-02      
8.56999998e+01      6.88807790e-02      
8.60625000e+01      7.10036075e-02      
8.61875000e+01      7.30202961e-02      
8.63125000e+01      7.30202961e-02      
8.64375000e+01      7.30202961e-02      
8.65625000e+01      7.30202961e-02      
8.66875000e+01      7.30202961e-02      
8.68125000e+01      7.30202961e-02      
8.69375000e+01      7.30202961e-02      
8.70625000e+01      8.69102396e-02      
8.71875000e+01      8.69102396e-02      
8.73125000e+01      8.69102396e-02      
8.74375000e+01      8.69102396e-02      
8.75625000e+01      8.69102396e-02      
8.76875000e+01      8.69102396e-02      
8.78125000e+01      8.69102396e-02      
8.79375000e+01      8.69102396e-02      
8.80625000e+01      9.93287908e-02      
8.81875000e+01      9.93287908e-02      
8.83125000e+01      9.93287908e-02      
8.84375000e+01      9.93287908e-02      
8.85625000e+01      9.93287908e-02      
8.86875000e+01      9.93287908e-02      
8.88125000e+01      9.93287908e-02      
8.89375000e+01      9.93287908e-02      
8.90625000e+01      1.20811119e-01      
8.91875000e+01      1.20811119e-01      
8.93125000e+01      1.20811119e-01      
8.94375000e+01      1.20811119e-01      
8.95625000e+01      1.20811119e-01      
8.96875000e+01      1.20811119e-01      
8.98125000e+01      1.20811119e-01      
8.99375000e+01      1.20811119e-01      
9.00625000e+01      1.42273828e-01      
9.01875000e+01      1.42273828e-01      
9.03125000e+01      1.42273828e-01      
9.04375000e+01      1.42273828e-01      
9.05749998e+01      1.42273828e-01      
9.07249994e+01      1.42273828e-01      
9.08749990e+01      1.42273828e-01      
9.10249987e+01      1.20938043e-01      
9.11499987e+01      1.08745702e-01      
9.12499990e+01      1.08745702e-01      
9.13499994e+01      1.08745702e-01      
9.14499998e+01      1.08745702e-01      
9.15625000e+01      1.08745702e-01      
9.16875000e+01      1.08745702e-01      
9.18125000e+01      1.08745702e-01      
9.19375000e+01      1.08745702e-01      
9.20375004e+01      4.88135727e-02      
9.21125011e+01      3.88251386e-02      
9.21875019e+01      3.88251386e-02      
9.22625027e+01      3.88251386e-02      
9.23500023e+01      3.88251386e-02      
9.24500008e+01      3.88251386e-02      
9.25499992e+01      3.88251386e-02      
9.26499977e+01      3.88251386e-02      
9.27374973e+01      3.88251386e-02      
9.28124981e+01      3.88251386e-02      
9.28874989e+01      3.88251386e-02      
9.29624996e+01      3.88251386e-02      
9.30375004e+01      3.39793533e-02      
9.31125011e+01      3.39793533e-02      
9.31875019e+01      3.39793533e-02      
9.32625027e+01      3.39793533e-02      
9.33625031e+01      3.39793533e-02      
9.34875031e+01      3.39793533e-02      
9.36125031e+01      3.39793533e-02      
9.37375031e+01      3.39793533e-02      
9.38500023e+01      3.39793533e-02      
9.39500008e+01      3.39793533e-02      
9.40499992e+01      2.42289268e-02      
9.41499977e+01      2.42289268e-02      
9.42749977e+01      2.42289268e-02      
9.44249992e+01      2.42289268e-02      
9.45750008e+01      2.42289268e-02      
9.47250023e+01      2.42289268e-02      
9.48375025e+01      2.42289268e-02      
9.49125013e+01      2.42289268e-02      
9.49875002e+01      2.08002558e-02      
9.50624990e+01      1.39429136e-02      
9.51374989e+01      1.39429136e-02      
9.52124996e+01      1.39429136e-02      
9.52875004e+01      1.39429136e-02      
9.53625011e+01      1.39429136e-02      
9.54250011e+01      1.39429136e-02      
9.54750004e+01      1.39429136e-02      
9.55249996e+01      1.39429136e-02      
9.55749989e+01      1.39429136e-02      
9.56124983e+01      1.39429136e-02      
9.56374979e+01      1.39429136e-02      
9.56624975e+01      1.39429136e-02      
9.56874971e+01      1.39429136e-02      
9.57499971e+01      1.39429136e-02      
9.58499975e+01      1.39429136e-02      
9.59499979e+01      1.39429136e-02      
9.60499983e+01      1.44981090e-02      
9.61624985e+01      1.44981190e-02      
9.62874985e+01      1.44981190e-02      
9.64124985e+01      1.44981190e-02      
9.65374985e+01      1.44981190e-02      
9.66124983e+01      1.44981190e-02      
9.66374979e+01      1.44981190e-02      
9.66624975e+01      1.44981190e-02      
9.66874971e+01      1.44981190e-02      
9.67499971e+01      1.44981190e-02      
9.68499975e+01      1.44981190e-02      
9.69499979e+01      1.44981190e-02      
9.70499983e+01      2.60333658e-01      
9.71499987e+01      2.60338347e-01      
9.72499990e+01      2.60338347e-01      
9.73499994e+01      2.60338347e-01      
9.74499998e+01      2.60338347e-01      
9.75625000e+01      2.60338347e-01      
9.76875000e+01      2.60338347e-01      
9.78125000e+01      2.60338347e-01      
9.79375000e+01      2.60338347e-01      
9.80625000e+01      2.95259392e-02      
9.81875000e+01      2.95259392e-02      
9.83125000e+01      2.95259392e-02      
9.84375000e+01      2.95259392e-02      
9.85124998e+01      2.95259392e-02      
9.85374994e+01      2.95259392e-02      
9.85624990e+01      2.95259392e-02      
9.85874987e+01      2.95259392e-02      
9.86249990e+01      2.95259392e-02      
9.86750002e+01      2.95259392e-02      
9.87250013e+01      2.95259392e-02      
9.87750025e+01      2.95259392e-02      
9.88375025e+01      2.95259392e-02      
9.89125013e+01      2.95259392e-02      
9.89875002e+01      3.48687282e-02      
9.90624990e+01      4.55543062e-02      
9.91249990e+01      4.55543062e-02      
9.91750002e+01      4.55543062e-02      
9.92250013e+01      4.55543062e-02      
9.92750025e+01      4.55543062e-02      
9.93875029e+01      4.55543062e-02      
9.95625025e+01      4.55543062e-02      
9.97375021e+01      4.55543062e-02      
9.99125017e+01      3.53159549e-02      
1.00300001e+02      1.84532215e-02      
1.00900002e+02      1.94106147e-02      
1.01500002e+02      2.13253793e-02      
1.02100002e+02      1.24564329e-01      
1.02475001e+02      1.96381828e-01      
1.02625001e+02      1.96381828e-01      
1.02775001e+02      1.96381828e-01      
1.02925000e+02      1.96381828e-01      
1.03062500e+02      2.02360823e-01      
1.03187500e+02      2.02659769e-01      
1.03312500e+02      2.02659769e-01      
1.03437500e+02      2.02659769e-01      
1.03625000e+02      2.02659769e-01      
1.03875000e+02      2.02659769e-01      
1.04125000e+02      2.94278464e-02      
1.04375000e+02      2.94278464e-02      
1.04650000e+02      2.94278464e-02      
1.04949999e+02      2.79237756e-02      
1.05249998e+02      2.49155766e-02      
1.05549997e+02      2.49155766e-02      
1.05862497e+02      2.48217239e-02      
1.06187498e+02      2.37188442e-02      
1.06512499e+02      2.37188442e-02      
1.06837500e+02      2.37188442e-02      
1.07125000e+02      2.50693304e-02      
1.07375000e+02      2.51706179e-02      
1.07625000e+02      2.51706179e-02      
1.07875000e+02      2.51706179e-02      
1.08125000e+02      4.22191502e-02      
1.08375000e+02      4.22191502e-02      
1.08625000e+02      4.22191502e-02      
1.08875000e+02      4.22191502e-02      
1.09125000e+02      2.84076810e-02      
1.09375000e+02      2.84076810e-02      
1.09625000e+02      2.84076810e-02      
1.09875000e+02      2.84076810e-02      
1.10125000e+02      3.02910632e-02      
1.10375000e+02      3.02910632e-02      
1.10625000e+02      3.02910632e-02      
1.10875000e+02      3.02910632e-02      
1.11013889e+02      2.93559064e-02      
1.11041667e+02      2.74856085e-02      
1.11069445e+02      2.74856085e-02      
1.11097223e+02      2.74856085e-02      
1.11222223e+02      2.74856085e-02      
1.11444445e+02      2.74856085e-02      
1.11666667e+02      2.74856085e-02      
1.11888889e+02      2.75724065e-02      
1.12125000e+02      3.03499189e-02      
1.12375000e+02      3.03499189e-02      
1.12625000e+02      3.03499189e-02      
1.12875000e+02      3.03499189e-02      
1.13125000e+02      2.33853286e-02      
1.13375000e+02      2.33853286e-02      
1.13625000e+02      2.33853286e-02      
1.13875000e+02      2.33853286e-02      
1.14125000e+02      1.58223721e-02      
1.14375000e+02      1.58223721e-02      
1.14625000e+02      1.58223721e-02      
1.14875000e+02      1.58223721e-02      
1.15087500e+02      2.50101758e-02      
1.15262499e+02      2.59945976e-02      
1.15437498e+02      2.59945976e-02      
1.15612497e+02      2.59945976e-02      
1.15774998e+02      2.59945976e-02      
1.15924999e+02      2.59945976e-02      
1.16075001e+02      2.93886092e-02      
1.16225002e+02      2.93886092e-02      
1.16387503e+02      2.93886092e-02      
1.16562502e+02      2.93886092e-02      
1.16737501e+02      2.93886092e-02      
1.16912500e+02      2.93886092e-02      
1.17075000e+02      1.22804412e-01      
1.17224999e+02      1.26696688e-01      
1.17374999e+02      1.26696688e-01      
1.17524999e+02      1.26696688e-01      
1.17687499e+02      1.26696688e-01      
1.17862500e+02      1.26696688e-01      
1.18037501e+02      5.98248273e-02      
1.18212502e+02      3.30768993e-02      
1.18387503e+02      3.30768993e-02      
1.18562502e+02      3.30768993e-02      
1.18737501e+02      3.30768993e-02      
1.18912500e+02      3.57600765e-02      
1.19100000e+02      1.10884125e-01      
1.19300001e+02      1.10884125e-01      
1.19500002e+02      1.10884125e-01      
1.19700003e+02      1.08051477e-01      
1.19887503e+02      1.20699023e-01      
1.20062502e+02      1.20651203e-01      
1.20237501e+02      1.08925289e-01      
1.20412500e+02      3.20293368e-01      
1.20587500e+02      8.06799069e-01      
1.20762499e+02      5.94418140e-01      
1.20937498e+02      2.16668731e-01      
1.21112497e+02      4.40931469e-01      
1.21299997e+02      1.10782764e+01      
1.21499998e+02      4.57159211e+01      
1.21699999e+02      3.02030129e+01      
1.21900000e+02      3.11668107e+00      
1.22087500e+02      2.98104234e-01      
1.22262499e+02      1.39701458e-01      
1.22437498e+02      1.00436072e-01      
1.22612497e+02      8.46285293e-02      
1.22799997e+02      7.88255834e-02      
1.22999998e+02      6.87754379e-02      
1.23199999e+02      6.09941398e-02      
1.23400000e+02      5.87784892e-02      
1.23587500e+02      6.73051320e-02      
1.23762499e+02      1.20900434e-01      
1.23937498e+02      1.29040043e-01      
1.24112497e+02      9.66561046e-02      
1.24299997e+02      9.18202462e-02      
1.24499998e+02      5.56924805e-02      
1.24699999e+02      4.56278801e-02      
1.24900000e+02      4.55224247e-02      
1.25100000e+02      4.71213485e-02      
1.25300001e+02      5.60944428e-02      
1.25500002e+02      6.04521377e-02      
1.25700003e+02      6.64777668e-02      
1.25900002e+02      1.03049386e-01      
1.26100001e+02      9.82764731e-02      
1.26300000e+02      9.73546724e-02      
1.26499999e+02      1.57233086e-01      
1.26699999e+02      8.04365270e-02      
1.26900000e+02      3.66009101e-02      
1.27100000e+02      3.43128680e-02      
1.27300001e+02      3.89796969e-02      
1.27500001e+02      5.58810844e-02      
1.27700000e+02      6.19235514e-02      
1.27899999e+02      5.75731807e-02      
1.28099998e+02      4.45662234e-02      
1.28299997e+02      3.07914199e-02      
1.28499998e+02      2.94106464e-02      
1.28699999e+02      4.26359297e-02      
1.28900000e+02      5.27186642e-02      
1.29112499e+02      3.82030086e-02      
1.29337498e+02      3.82691240e-02      
1.29562496e+02      5.24555750e-02      
1.29787495e+02      6.03573345e-02      
1.29999994e+02      1.64191148e-01      
1.30199995e+02      3.85745851e-01      
1.30399996e+02      5.61062128e-01      
1.30599997e+02      5.43950115e-01      
1.30812498e+02      1.84744116e-01      
1.31037500e+02      9.40578684e-02      
1.31262503e+02      5.78025550e-02      
1.31487505e+02      5.04092653e-02      
1.31700005e+02      6.14745888e-02      
1.31900002e+02      5.64474143e-02      
1.32099998e+02      4.01616755e-02      
1.32299995e+02      4.27927335e-02      
1.32512495e+02      4.33262468e-02      
1.32737497e+02      5.27627869e-02      
1.32962500e+02      6.33308916e-02      
1.33187502e+02      1.85045710e-01      
1.33412502e+02      1.03519082e+00      
1.33637501e+02      8.10548932e-01      
1.33862499e+02      9.41869094e-02      
1.34087498e+02      4.12600074e-02      
1.34312498e+02      4.21842740e-02      
1.34537500e+02      4.27771938e-02      
1.34762503e+02      4.59773482e-02      
1.34987505e+02      6.88857897e-02      
1.35212505e+02      8.37341474e-02      
1.35437504e+02      1.03298970e-01      
1.35662502e+02      1.14777070e-01      
1.35887501e+02      8.91594097e-02      
1.36125000e+02      6.75220508e-02      
1.36375000e+02      6.27166262e-02      
1.36625000e+02      5.78002140e-02      
1.36875000e+02      6.58509573e-02      
1.37112499e+02      7.46915871e-02      
1.37337498e+02      6.68732715e-02      
1.37562496e+02      5.88644556e-02      
1.37787495e+02      6.22664846e-02      
1.38024994e+02      6.96201824e-02      
1.38274994e+02      6.58204344e-02      
1.38524994e+02      6.51982467e-02      
1.38774994e+02      7.01839811e-02      
1.39137495e+02      2.35038661e-01      
1.39612497e+02      2.06402948e-01      
1.40087500e+02      2.04638910e-01      
1.40562502e+02      1.47861101e-01      
1.41050003e+02      9.90705554e-02      
1.41550003e+02      9.84508450e-02      
1.42050003e+02      9.87805238e-02      
1.42550003e+02      1.21002267e-01      
1.42807146e+02      1.02887830e-01      
1.42821433e+02      9.94463535e-02      
1.42835719e+02      9.90933680e-02      
1.42850006e+02      1.01921849e-01      
1.43112505e+02      1.26814487e-01      
1.43623216e+02      1.19602083e-01      
1.44133927e+02      1.13942668e-01      
1.44644638e+02      1.20025594e-01      
1.45162495e+02      1.20445510e-01      
1.45687496e+02      1.30076659e-01      
1.46212498e+02      1.41539460e-01      
1.46737499e+02      1.67936467e-01      
1.47275000e+02      2.22070632e-01      
1.47824999e+02      1.65645714e-01      
1.48374998e+02      2.02020429e-01      
1.48924997e+02      1.74819986e-01      
1.49487497e+02      1.74741059e-01      
1.50062498e+02      1.89101563e-01      
1.50637499e+02      1.92313945e-01      
1.51212500e+02      2.09091238e-01      
1.51787500e+02      2.03052149e-01      
1.52362501e+02      2.55741089e-01      
1.52937502e+02      2.88955953e-01      
1.53512503e+02      3.17373142e-01      
1.54100002e+02      2.71198791e-01      
1.54700001e+02      6.78124907e-01      
1.55299999e+02      4.46429026e-01      
1.55899998e+02      4.80354846e-01      
1.56512497e+02      3.64355003e-01      
1.57137497e+02      4.03365144e-01      
1.57762497e+02      3.65588491e-01      
1.58387497e+02      3.57135420e-01      
1.59024998e+02      3.80935378e-01      
1.59674999e+02      3.64701618e-01      
1.60325001e+02      4.04414051e-01      
1.60975002e+02      4.73139791e-01      
1.61625002e+02      4.73712674e-01      
1.62275000e+02      5.49817813e-01      
1.62924997e+02      5.69466357e-01      
1.63574995e+02      6.30839471e-01      
1.64245829e+02      7.31218573e-01      
1.64937498e+02      5.94482686e-01      
1.65629167e+02      1.25732872e+00      
1.66320837e+02      7.76021366e-01      
1.66670837e+02      7.29773979e-01      
1.66679169e+02      7.24121206e-01      
1.66687500e+02      7.24121206e-01      
1.66695831e+02      7.49924571e-01      
1.67049997e+02      9.11486110e-01      
1.67749998e+02      8.19663550e-01      
1.68449999e+02      9.41438514e-01      
1.69150000e+02      1.14701219e+00      
1.69862499e+02      1.37726037e+00      
1.70587498e+02      1.44209278e+00      
1.71312496e+02      1.43723558e+00      
1.72037495e+02      1.56349209e+00      
1.72587494e+02      1.60711962e+00      
1.72962494e+02      1.48324448e+00      
1.73337494e+02      1.53647147e+00      
1.73712494e+02      1.63623888e+00      
1.74087494e+02      1.81693680e+00      
1.74462494e+02      1.96427633e+00      
1.74837494e+02      1.91700658e+00      
1.75212494e+02      2.19508765e+00      
1.75599995e+02      2.38985092e+00      
1.75999996e+02      2.49646155e+00      
1.76399998e+02      2.37544110e+00      
1.76799999e+02      2.67082131e+00      
1.77200001e+02      3.15343881e+00      
1.77600002e+02      2.82740283e+00      
1.78000004e+02      3.22590734e+00      
1.78400005e+02      3.27814081e+00      
1.78800005e+02      3.45213441e+00      
1.79200003e+02      3.38616092e+00      
1.79600000e+02      3.19917487e+00      
1.79999998e+02      3.55782544e+00      
1.80399998e+02      3.80121790e+00      
1.80799999e+02      4.61771749e+00      
1.81200001e+02      3.86215926e+00      
1.81600002e+02      5.86674932e+00      
1.82012503e+02      4.94983942e+00      
1.82437502e+02      4.87936704e+00      
1.82862501e+02      4.53708179e+00      
1.83287500e+02      4.92345219e+00      
1.83712500e+02      5.06262822e+00      
1.84137499e+02      4.51988725e+00      
1.84562498e+02      4.27177230e+00      
1.84987497e+02      4.09820176e+00      
1.85412497e+02      5.03457230e+00      
1.85837496e+02      5.22719883e+00      
1.86262495e+02      5.35505745e+00      
1.86687494e+02      5.89505005e+00      
1.87124994e+02      6.69048291e+00      
1.87574995e+02      6.49494637e+00      
1.88024996e+02      6.25832024e+00      
1.88474997e+02      7.07346834e+00      
1.88924997e+02      7.51281468e+00      
1.89374998e+02      8.07707297e+00      
1.89824999e+02      7.31369379e+00      
1.90275000e+02      7.79151181e+00      
1.90725000e+02      8.36895294e+00      
1.91175001e+02      8.42214123e+00      
1.91625002e+02      9.06225144e+00      
1.92075003e+02      9.52795995e+00      
1.92537502e+02      9.22898984e+00      
1.93012501e+02      7.80054305e+00      
1.93487499e+02      6.49126622e+00      
1.93962498e+02      9.53542921e+00      
1.94437498e+02      1.18603512e+01      
1.94912500e+02      1.19892104e+01      
1.95387503e+02      1.13760873e+01      
1.95862505e+02      1.18798649e+01      
1.96337505e+02      1.21541356e+01      
1.96812504e+02      1.41664613e+01      
1.97287502e+02      1.32406689e+01      
1.97762501e+02      1.28361206e+01      
1.98250000e+02      1.35849125e+01      
1.98750000e+02      1.25288075e+01      
1.99250000e+02      1.40390446e+01      
1.99750000e+02      1.42183584e+01      
2.00000000e+02      1.45287242e+01      
2.00000001e+02      1.45608984e+01      
2.00000002e+02      1.45608984e+01      
2.00000003e+02      1.46150523e+01      
2.00250003e+02      1.52268867e+01      
2.00750002e+02      1.57835303e+01      
2.01250001e+02      1.65321729e+01      
2.01750000e+02      1.72688183e+01      
2.02262501e+02      1.72211978e+01      
2.02787502e+02      1.73170372e+01      
2.03312504e+02      1.89397641e+01      
2.03837505e+02      1.95591612e+01      
2.04362505e+02      2.14361918e+01      
2.04887503e+02      2.20021256e+01      
2.05412500e+02      2.22211072e+01      
2.05937498e+02      2.21179699e+01      
2.06462498e+02      2.27724754e+01      
2.06987499e+02      2.45506691e+01      
2.07512501e+02      2.67293622e+01      
2.08037502e+02      2.78501944e+01      
2.08575003e+02      3.13785061e+01      
2.09125002e+02      3.84340347e+01      
2.09675001e+02      4.68254259e+01      
2.10225000e+02      5.38367938e+01      
2.10787500e+02      6.03303988e+01      
2.11362501e+02      6.66187160e+01      
2.11937502e+02      7.83428599e+01      
2.12512503e+02      5.96518788e+01      
2.13087503e+02      6.35770073e+01      
2.13662504e+02      6.72259223e+01      
2.14237505e+02      8.48772968e+01      
2.14812506e+02      8.07662103e+01      
2.15387505e+02      7.81590713e+01      
2.15962502e+02      6.76170795e+01      
2.16537498e+02      6.61122042e+01      
2.17112495e+02      6.68643078e+01      
2.17724995e+02      7.33528889e+01      
2.18374996e+02      9.71267036e+01      
2.19024998e+02      8.91743360e+01      
2.19674999e+02      1.01104979e+02      
2.20275000e+02      1.03942049e+02      
2.20824999e+02      8.76715186e+01      
2.21374998e+02      7.81617549e+01      
2.21924997e+02      8.59697965e+01      
2.22512497e+02      1.01027620e+02      
2.23137497e+02      1.19422154e+02      
2.23762497e+02      1.35492388e+02      
2.24387497e+02      1.18408912e+02      
2.25024998e+02      1.17545331e+02      
2.25674999e+02      1.02922933e+02      
2.26325001e+02      8.45709221e+01      
2.26975002e+02      6.85264442e+01      
2.27625002e+02      8.15978778e+01      
2.28275000e+02      1.07534630e+02      
2.28924997e+02      9.97855016e+01      
2.29574995e+02      9.70251890e+01      
2.30237495e+02      9.76949208e+01      
2.30912498e+02      1.10527042e+02      
2.31587502e+02      1.02604324e+02      
2.32262505e+02      1.10302524e+02      
2.32937506e+02      9.82526510e+01      
2.33612505e+02      8.81770180e+01      
2.34287504e+02      7.67682237e+01      
2.34962503e+02      8.66215039e+01      
2.35587884e+02      1.11345045e+02      
2.36163647e+02      9.71881507e+01      
2.36739410e+02      9.52370474e+01      
2.37315172e+02      1.05601541e+02      
2.37665173e+02      9.92525674e+01      
2.37789411e+02      1.08535017e+02      
2.37913649e+02      9.40580491e+01      
2.38037887e+02      7.82737512e+01      
2.38462505e+02      8.24303472e+01      
2.39187504e+02      9.35716536e+01      
2.39912502e+02      8.23983512e+01      
2.40637501e+02      7.93260198e+01      
2.41362499e+02      9.12748418e+01      
2.42087498e+02      1.35393759e+02      
2.42812496e+02      1.43515448e+02      
2.43537495e+02      1.32365378e+02      
2.44274994e+02      1.31210843e+02      
2.45024994e+02      1.07997130e+02      
2.45774994e+02      1.00275733e+02      
2.46524994e+02      9.90814503e+01      
2.47287495e+02      1.12178759e+02      
2.48062496e+02      1.01758120e+02      
2.48837498e+02      8.66921333e+01      
2.49612499e+02      1.20299344e+02      
2.50400000e+02      1.21391162e+02      
2.51199999e+02      1.04437866e+02      
2.51999998e+02      8.32935761e+01      
2.52799997e+02      8.56106699e+01      
2.53599997e+02      1.06240378e+02      
2.54399996e+02      1.17432630e+02      
2.55199995e+02      1.44350402e+02      
2.55999994e+02      1.75329620e+02      
2.56812496e+02      2.27615850e+02      
2.57637501e+02      2.48240101e+02      
2.58462505e+02      2.53286910e+02      
2.59287510e+02      2.38644942e+02      
2.60137512e+02      1.79801363e+02      
2.61012512e+02      1.62694160e+02      
2.61887512e+02      2.01962621e+02      
2.62762512e+02      2.08393948e+02      
2.63637512e+02      3.61556605e+02      
2.64512512e+02      5.07472584e+02      
2.65387512e+02      5.06887076e+02      
2.66262512e+02      5.14785417e+02      
2.67150009e+02      5.04185228e+02      
2.68050003e+02      5.07780826e+02      
2.68949997e+02      4.87694671e+02      
2.69849991e+02      5.07072169e+02      
2.70762489e+02      5.40623061e+02      
2.71687492e+02      4.30924550e+02      
2.72612495e+02      4.12766873e+02      
2.73537498e+02      4.19116918e+02      
2.74125601e+02      3.00526809e+02      
2.74376802e+02      2.54985452e+02      
2.74628003e+02      2.73857179e+02      
2.74879204e+02      2.61956479e+02      
2.75354202e+02      3.44960626e+02      
2.76052998e+02      4.52700698e+02      
2.76751794e+02      5.12738730e+02      
2.77450590e+02      4.95858479e+02      
2.78287491e+02      3.51103021e+02      
2.79262497e+02      2.10540744e+02      
2.80237503e+02      1.66099027e+02      
2.81212509e+02      3.50289652e+02      
2.82113240e+02      5.48914627e+02      
2.82939697e+02      6.36987631e+02      
2.83766153e+02      6.29938633e+02      
2.84592609e+02      5.04446415e+02      
2.85092609e+02      3.04426985e+02      
2.85266153e+02      2.24852676e+02      
2.85439697e+02      2.48904213e+02      
2.85613240e+02      3.71006525e+02      
2.86225010e+02      6.29343560e+02      
2.87275005e+02      7.14696405e+02      
2.88325001e+02      6.24665495e+02      
2.89374996e+02      9.03454450e+02      
2.90424995e+02      1.21525486e+03      
2.91474998e+02      1.17500976e+03      
2.92525002e+02      1.04222912e+03      
2.93575005e+02      1.08928554e+03      
2.94650005e+02      1.02813965e+03      
2.95750004e+02      1.13910363e+03      
2.96850002e+02      9.49120530e+02      
2.97950001e+02      1.04330008e+03      
2.99062500e+02      9.62750007e+02      
3.00187500e+02      8.84559906e+02      
3.01312500e+02      9.38316516e+02      
3.02437500e+02      9.57699615e+02      
3.03513304e+02      1.26462546e+03      
3.04539913e+02      1.21637916e+03      
3.05566522e+02      1.19674505e+03      
3.06593131e+02      1.14087325e+03      
3.07180632e+02      1.25601935e+03      
3.07329027e+02      1.26964919e+03      
3.07477421e+02      1.28760309e+03      
3.07625815e+02      1.26065441e+03      
3.08300011e+02      1.27357831e+03      
3.09500008e+02      1.03016837e+03      
3.10700005e+02      1.36198100e+03      
3.11900002e+02      1.40268865e+03      
3.13125000e+02      1.38332156e+03      
3.14375000e+02      1.37617409e+03      
3.15625000e+02      1.25369908e+03      
3.16875000e+02      1.45320991e+03      
3.18125000e+02      1.39627205e+03      
3.19375000e+02      1.43197705e+03      
3.20625000e+02      1.59436077e+03      
3.21875000e+02      1.42441543e+03      
3.23125000e+02      1.30978738e+03      
3.24375000e+02      1.53113964e+03      
3.25625000e+02      1.82799684e+03      
3.26875000e+02      1.96991842e+03      
3.27713409e+02      1.92765050e+03      
3.28140227e+02      1.85749397e+03      
3.28567045e+02      1.85261208e+03      
3.28993862e+02      1.98439402e+03      
3.29618862e+02      2.20931236e+03      
3.30442045e+02      2.06708524e+03      
3.31265227e+02      1.95924102e+03      
3.32088409e+02      1.95277354e+03      
3.33125000e+02      1.89806452e+03      
3.34375000e+02      1.93538768e+03      
3.35625000e+02      1.85996294e+03      
3.36875000e+02      1.64109072e+03      
3.37962972e+02      1.81712831e+03      
3.38888917e+02      1.92830056e+03      
3.39814862e+02      2.03308688e+03      
3.40740807e+02      1.99867833e+03      
3.41365807e+02      1.86833210e+03      
3.41689862e+02      1.83609092e+03      
3.42013917e+02      2.03698599e+03      
3.42337972e+02      1.98847180e+03      
3.42812500e+02      2.06599311e+03      
3.43437500e+02      2.02137365e+03      
3.44062500e+02      1.62345251e+03      
3.44687500e+02      1.78013232e+03      
3.46250000e+02      1.90013565e+03      
3.48750000e+02      1.82181841e+03      
3.51250000e+02      2.04402117e+03      
3.53750000e+02      2.11412073e+03      
3.56250000e+02      1.93984616e+03      
3.58750000e+02      1.73494403e+03      
3.61250000e+02      1.91366656e+03      
3.63750000e+02      2.08535489e+03      
3.66250000e+02      2.44502517e+03      
3.68750000e+02      2.38254122e+03      
3.71250000e+02      2.32479033e+03      
3.73750000e+02      1.94793403e+03      
3.76250000e+02      2.22947773e+03      
3.78750000e+02      2.48855327e+03      
3.81250000e+02      2.20178990e+03      
3.83750000e+02      1.57427227e+03      
3.85625050e+02      2.02503463e+03      
3.86875151e+02      2.05090013e+03      
3.88125252e+02      2.02374726e+03      
3.89375353e+02      2.27042992e+03      
3.90625353e+02      2.49067955e+03      
3.91875252e+02      2.46671765e+03      
3.93125151e+02      1.44906994e+03      
3.94375050e+02      2.03560674e+03      
3.96250000e+02      1.93074054e+03      
3.98750000e+02      2.91833265e+03      
4.01250000e+02      3.43014234e+03      
4.03750000e+02      3.39337833e+03      
4.06250000e+02      3.27441802e+03      
4.08750000e+02      3.36032858e+03      
4.11250000e+02      3.37570950e+03      
4.13750000e+02      3.48838452e+03      
4.16250000e+02      3.50831875e+03      
4.18750000e+02      3.42513787e+03      
4.21250000e+02      3.51638571e+03      
4.23750000e+02      3.39303339e+03      
4.26250000e+02      3.37491360e+03      
4.28750000e+02      3.18099045e+03      
4.31250000e+02      2.89895189e+03      
4.33750000e+02      3.24300729e+03      
4.36250000e+02      3.56410407e+03      
4.38750000e+02      3.46958289e+03      
4.41250000e+02      3.73893329e+03      
4.43750000e+02      3.87585904e+03      
4.45625561e+02      3.72503384e+03      
4.46876683e+02      3.88311877e+03      
4.48127805e+02      4.00898302e+03      
4.49378927e+02      4.01279503e+03      
4.50628927e+02      4.24616453e+03      
4.51877805e+02      4.18228492e+03      
4.53126683e+02      3.78954991e+03      
4.54375561e+02      4.09298634e+03      
4.56250000e+02      4.14076063e+03      
4.58750000e+02      4.09663769e+03      
4.61250000e+02      4.12934981e+03      
4.63750000e+02      4.11555289e+03      
4.66250000e+02      3.99314412e+03      
4.68750000e+02      4.03338067e+03      
4.71250000e+02      3.97207430e+03      
4.73750000e+02      4.10087922e+03      
4.76250000e+02      4.08428749e+03      
4.78750000e+02      4.15067721e+03      
4.81250000e+02      4.15264019e+03      
4.83750000e+02      4.05499338e+03      
4.86250000e+02      3.52275046e+03      
4.88750000e+02      3.88300879e+03      
4.91250000e+02      3.90303602e+03      
4.93750000e+02      3.93714384e+03      
4.96250000e+02      3.97723782e+03      
4.98750000e+02      3.88071013e+03      
5.01250000e+02      3.67260817e+03      
5.03750000e+02      3.81634443e+03      
5.06250000e+02      3.89334313e+03      
5.08750000e+02      3.69879807e+03      
5.11250000e+02      3.83921759e+03      
5.13750000e+02      3.63402749e+03      
5.16250000e+02      3.45444968e+03      
5.18750000e+02      3.46159738e+03      
5.21250000e+02      3.70120112e+03      
5.23750000e+02      3.65606987e+03      
5.26250000e+02      3.55934300e+03      
5.28750000e+02      3.73528630e+03      
5.31250000e+02      3.79923741e+03      
5.33750000e+02      3.61022748e+03      
5.35626888e+02      3.79633152e+03      
5.36880663e+02      3.67881252e+03      
5.38134438e+02      3.75054207e+03      
5.39388214e+02      3.68056855e+03      
5.40638214e+02      3.52361371e+03      
5.41884438e+02      3.68931460e+03      
5.43130663e+02      3.62825692e+03      
5.44376888e+02      3.73910411e+03      
5.45563869e+02      3.75422188e+03      
5.46691608e+02      3.76477783e+03      
5.47819347e+02      3.67523824e+03      
5.48947086e+02      3.71694529e+03      
5.50197086e+02      3.74429562e+03      
5.51569347e+02      3.71290074e+03      
5.52941608e+02      3.66920925e+03      
5.54313869e+02      3.76212211e+03      
5.56250000e+02      3.67775849e+03      
5.58750000e+02      3.55940710e+03      
5.61250000e+02      3.59037735e+03      
5.63750000e+02      3.66649414e+03      
5.65200540e+02      3.62255233e+03      
5.65601619e+02      3.55961578e+03      
5.66002698e+02      3.39803749e+03      
5.66403777e+02      3.55230359e+03      
5.67653777e+02      3.62074793e+03      
5.69752698e+02      3.56185132e+03      
5.71851619e+02      3.57038558e+03      
5.73950540e+02      3.67631605e+03      
5.76250000e+02      3.59401489e+03      
5.78750000e+02      3.56477026e+03      
5.81250000e+02      3.60843314e+03      
5.83750000e+02      3.62847348e+03      
5.86250000e+02      3.53520974e+03      
5.88750000e+02      3.36482620e+03      
5.91250000e+02      3.52798917e+03      
5.93750000e+02      3.51205396e+03      
5.96250000e+02      3.49461956e+03      
5.98750000e+02      3.46143943e+03      
6.01250000e+02      3.40126669e+03      
6.03750000e+02      3.44675800e+03      
6.05004234e+02      3.47234347e+03      
6.05012703e+02      3.47851461e+03      
6.05021172e+02      3.47921504e+03      
6.05029640e+02      3.45974550e+03      
6.06279640e+02      3.45473680e+03      
6.08771172e+02      3.42567096e+03      
6.11262703e+02      3.39069664e+03      
6.13754234e+02      3.32639190e+03      
6.16250000e+02      3.26932730e+03      
6.18750000e+02      3.34118699e+03      
6.21250000e+02      3.33978338e+03      
6.23750000e+02      3.25010465e+03      
6.26250000e+02      3.27261505e+03      
6.28750000e+02      3.31555740e+03      
6.31250000e+02      3.23191476e+03      
6.33750000e+02      3.24438751e+03      
6.36250000e+02      3.23035953e+03      
6.38750000e+02      3.23405459e+03      
6.41250000e+02      3.15855797e+03      
6.43750000e+02      3.19585584e+03      
6.46250000e+02      3.14890441e+03      
6.48750000e+02      3.12280675e+03      
6.51250000e+02      3.14951702e+03      
6.53750000e+02      3.10524025e+03      
6.56250000e+02      2.75473345e+03      
6.58750000e+02      3.01840204e+03      
6.61250000e+02      3.07239125e+03      
6.63750000e+02      3.01482273e+03      
6.65208336e+02      3.01519380e+03      
6.65625007e+02      3.03200899e+03      
6.66041679e+02      3.01935471e+03      
6.66458351e+02      2.95757878e+03      
6.67708351e+02      3.01738708e+03      
6.69791679e+02      3.03934825e+03      
6.71875007e+02      3.02865082e+03      
6.73958336e+02      3.03280159e+03      
6.76250000e+02      2.99911436e+03      
6.78750000e+02      2.96302475e+03      
6.81250000e+02      2.94006169e+03      
6.83750000e+02      2.92476216e+03      
6.85760623e+02      2.94054935e+03      
6.87281868e+02      2.96724561e+03      
6.88803113e+02      2.92756084e+03      
6.90324358e+02      2.90665965e+03      
6.91574358e+02      2.87105380e+03      
6.92553113e+02      2.86540436e+03      
6.93531868e+02      2.86898706e+03      
6.94510623e+02      2.87434546e+03      
6.96250000e+02      2.89951601e+03      
6.98750000e+02      2.87107570e+03      
7.01250000e+02      2.82941543e+03      
7.03750000e+02      2.85333231e+03      
7.06250000e+02      2.83456191e+03      
7.08750000e+02      2.80398349e+03      
7.11250000e+02      2.76816178e+03      
7.13750000e+02      2.72956176e+03      
7.16250000e+02      2.70680622e+03      
7.18750000e+02      2.67401608e+03      
7.21250000e+02      2.67835169e+03      
7.23750000e+02      2.67403827e+03      
7.26250000e+02      2.65845288e+03      
7.28750000e+02      2.60313803e+03      
7.31250000e+02      2.62425583e+03      
7.33750000e+02      2.62183851e+03      
7.36250000e+02      2.59647627e+03      
7.38750000e+02      2.55037244e+03      
7.41250000e+02      2.52247156e+03      
7.43750000e+02      2.55386635e+03      
7.45859962e+02      2.54936707e+03      
7.47579885e+02      2.55860495e+03      
7.49299808e+02      2.51953328e+03      
7.51019731e+02      2.51116484e+03      
7.52269731e+02      2.51060771e+03      
7.53049808e+02      2.51698459e+03      
7.53829885e+02      2.52938155e+03      
7.54609962e+02      2.51717591e+03      
7.56250000e+02      2.50608946e+03      
7.58750000e+02      2.48244259e+03      
7.61250000e+02      2.43876975e+03      
7.63750000e+02      2.46030447e+03      
7.66250000e+02      2.37830578e+03      
7.68750000e+02      2.41032074e+03      
7.71250000e+02      2.38346351e+03      
7.73750000e+02      2.37938465e+03      
7.75857604e+02      2.34883404e+03      
7.77572811e+02      2.33929347e+03      
7.79288018e+02      2.33195276e+03      
7.81003225e+02      2.32337757e+03      
7.82253225e+02      2.34384207e+03      
7.83038018e+02      2.30789639e+03      
7.83822811e+02      2.28511252e+03      
7.84607604e+02      2.31447549e+03      
7.86250000e+02      2.29271040e+03      
7.88750000e+02      2.30418263e+03      
7.91250000e+02      2.27905019e+03      
7.93750000e+02      2.21427099e+03      
7.96250000e+02      2.26179903e+03      
7.98750000e+02      2.24292117e+03      
8.01250000e+02      2.23142109e+03      
8.03750000e+02      2.21452120e+03      
8.06250000e+02      2.21175803e+03      
8.08750000e+02      2.18924258e+03      
8.11250000e+02      2.20486881e+03      
8.13750000e+02      2.20806244e+03      
8.16250000e+02      2.18474175e+03      
8.18750000e+02      2.12567510e+03      
8.21250000e+02      2.10561659e+03      
8.23750000e+02      2.13048509e+03      
8.26250000e+02      2.12923864e+03      
8.28750000e+02      2.10851358e+03      
8.31250000e+02      2.09920795e+03      
8.33750000e+02      2.03247298e+03      
8.35932497e+02      2.07516100e+03      
8.37797491e+02      2.05552873e+03      
8.39662485e+02      2.04425621e+03      
8.41527480e+02      2.04915060e+03      
8.42777480e+02      2.00459568e+03      
8.43412485e+02      1.99181897e+03      
8.44047491e+02      1.97870856e+03      
8.44682497e+02      2.03698682e+03      
8.46250000e+02      2.01764047e+03      
8.48750000e+02      1.94914704e+03      
8.51250000e+02      1.89970463e+03      
8.53750000e+02      1.69451184e+03      
8.56250000e+02      1.92660880e+03      
8.58750000e+02      1.93845360e+03      
8.61250000e+02      1.94975679e+03      
8.63750000e+02      1.97596058e+03      
8.66250000e+02      1.79329916e+03      
8.68750000e+02      1.93264144e+03      
8.71250000e+02      1.97071663e+03      
8.73750000e+02      1.93289144e+03      
8.76250000e+02      1.89273197e+03      
8.78750000e+02      1.90299035e+03      
8.81250000e+02      1.85583008e+03      
8.83750000e+02      1.86367360e+03      
8.85783196e+02      1.84537033e+03      
8.87349589e+02      1.81626548e+03      
8.88915982e+02      1.85431488e+03      
8.90482375e+02      1.86032405e+03      
8.91732375e+02      1.83662458e+03      
8.92665982e+02      1.79201878e+03      
8.93599589e+02      1.82573666e+03      
8.94533196e+02      1.78949049e+03      
8.96250000e+02      1.82001251e+03      
8.98750000e+02      1.80350428e+03      
9.01250000e+02      1.71767703e+03      
9.03750000e+02      1.79212159e+03      
9.06250000e+02      1.77261067e+03      
9.08750000e+02      1.72355957e+03      
9.11250000e+02      1.72921285e+03      
9.13750000e+02      1.75534675e+03      
9.16250000e+02      1.73237971e+03      
9.18750000e+02      1.72484735e+03      
9.21250000e+02      1.67838055e+03      
9.23750000e+02      1.64139819e+03      
9.26250000e+02      1.66391380e+03      
9.28750000e+02      1.68794727e+03      
9.31250000e+02      1.68250444e+03      
9.33750000e+02      1.67910485e+03      
9.36250000e+02      1.65486606e+03      
9.38750000e+02      1.65420599e+03      
9.41250000e+02      1.59140961e+03      
9.43750000e+02      1.61419174e+03      
9.46250000e+02      1.62232318e+03      
9.48750000e+02      1.62569311e+03      
9.51250000e+02      1.60765225e+03      
9.53750000e+02      1.57277992e+03      
9.55817304e+02      1.54612782e+03      
9.57451913e+02      1.57352472e+03      
9.59086521e+02      1.58930230e+03      
9.60721130e+02      1.56205699e+03      
9.61971130e+02      1.57530776e+03      
9.62836521e+02      1.54819995e+03      
9.63701913e+02      1.54812809e+03      
9.64567304e+02      1.55519864e+03      
9.66250000e+02      1.53857265e+03      
9.68750000e+02      1.54203542e+03      
9.71250000e+02      1.53862803e+03      
9.73750000e+02      1.51570473e+03      
9.76250000e+02      1.51594411e+03      
9.78750000e+02      1.50651587e+03      
9.81250000e+02      1.50792844e+03      
9.83750000e+02      1.49600514e+03      
9.86250000e+02      1.48709339e+03      
9.88750000e+02      1.47243574e+03      
9.91250000e+02      1.46898725e+03      
9.93750000e+02      1.46965053e+03      
9.96250000e+02      1.46171913e+03      
9.98750000e+02      1.45279906e+03      
1.00125000e+03      1.44900832e+03      
1.00375000e+03      1.41302749e+03      
1.00625000e+03      1.38235796e+03      
1.00875000e+03      1.42227653e+03      
1.01125000e+03      1.41526310e+03      
1.01375000e+03      1.40263978e+03      
1.01625000e+03      1.38952009e+03      
1.01875000e+03      1.37574055e+03      
1.02125000e+03      1.37191460e+03      
1.02375000e+03      1.38074007e+03      
1.02625000e+03      1.37434195e+03      
1.02875000e+03      1.36309365e+03      
1.03125000e+03      1.35645322e+03      
1.03375000e+03      1.33269110e+03      
1.03515868e+03      1.32405978e+03      
1.03547603e+03      1.34079891e+03      
1.03579339e+03      1.34334128e+03      
1.03611075e+03      1.34444233e+03      
1.03736075e+03      1.32073464e+03      
1.03954339e+03      1.32609449e+03      
1.04172603e+03      1.32328311e+03      
1.04390868e+03      1.31831418e+03      
1.04625000e+03      1.29520270e+03      
1.04875000e+03      1.30883328e+03      
1.05125000e+03      1.30029574e+03      
1.05375000e+03      1.29262272e+03      
1.05625000e+03      1.29400856e+03      
1.05875000e+03      1.26765956e+03      
1.06125000e+03      1.26522996e+03      
1.06375000e+03      1.26700039e+03      
1.06556484e+03      1.26859377e+03      
1.06669451e+03      1.24174310e+03      
1.06782418e+03      1.25976912e+03      
1.06895385e+03      1.19434971e+03      
1.07020385e+03      1.23795066e+03      
1.07157418e+03      1.24751056e+03      
1.07294451e+03      1.22290117e+03      
1.07431484e+03      1.23472958e+03      
1.07625000e+03      1.23558184e+03      
1.07875000e+03      1.22509670e+03      
1.08125000e+03      1.20970196e+03      
1.08375000e+03      1.20192106e+03      
1.08687500e+03      1.19625627e+03      
1.09062500e+03      1.19911814e+03      
1.09437500e+03      1.14442311e+03      
1.09812500e+03      1.16067919e+03      
1.10374294e+03      1.15909564e+03      
1.11122881e+03      1.14819078e+03      
1.11871468e+03      1.12951189e+03      
1.12620055e+03      1.10440481e+03      
1.13903128e+03      1.07766494e+03      
1.15720685e+03      1.04757765e+03      
1.17538242e+03      1.01222982e+03      
1.19355799e+03      9.76463464e+02      
1.21571375e+03      9.43708964e+02      
1.24184971e+03      9.03914914e+02      
1.26798566e+03      8.68485967e+02      
1.29412161e+03      8.25530110e+02      
1.32261778e+03      7.90960697e+02      
1.35347418e+03      7.54522052e+02      
1.38433059e+03      7.19425325e+02      
1.41518699e+03      6.81587014e+02      
1.44740644e+03      6.49567456e+02      
1.48098895e+03      6.14705881e+02      
1.51457146e+03      5.79785812e+02      
1.54815397e+03      5.50212241e+02      
1.58029753e+03      5.16340416e+02      
1.61100215e+03      4.92112251e+02      
1.64170676e+03      4.64414049e+02      
1.67241138e+03      4.36925917e+02      
1.70956790e+03      4.11523598e+02      
1.75317633e+03      3.76276030e+02      
1.79678476e+03      3.47308153e+02      
1.84039319e+03      3.21764661e+02      
1.88194796e+03      2.94657320e+02      
1.92144910e+03      2.77157355e+02      
1.96095023e+03      2.55053976e+02      
2.00045136e+03      2.38916258e+02      
2.04300708e+03      2.21252082e+02      
2.08861738e+03      2.05222673e+02      
2.13422769e+03      1.90415355e+02      
2.17983800e+03      1.74163929e+02      
2.23748645e+03      1.58413637e+02      
2.30717304e+03      1.40904145e+02      
2.37685964e+03      1.24767956e+02      
2.44654623e+03      1.12861195e+02      
2.50366265e+03      1.04255083e+02      
2.54820889e+03      9.77551844e+01      
2.59275514e+03      9.20764765e+01      
2.63730139e+03      8.65439533e+01      
2.69209120e+03      8.06064980e+01      
2.75712457e+03      7.44514540e+01      
2.82215795e+03      6.86175368e+01      
2.88719133e+03      6.32197932e+01      
2.95966840e+03      5.79542257e+01      
3.03958917e+03      5.28730916e+01      
3.11950994e+03      4.82291006e+01      
3.19943070e+03      4.40580007e+01      
3.28153443e+03      4.02516775e+01      
3.36582112e+03      3.67699321e+01      
3.45010781e+03      3.36530358e+01      
3.53439450e+03      3.07600712e+01      
3.63067350e+03      2.79104647e+01      
3.73894480e+03      2.51717962e+01      
3.84721610e+03      2.26913124e+01      
3.95548740e+03      2.06630499e+01      
4.02990538e+03      1.92932991e+01      
4.07047004e+03      1.84482480e+01      
4.11103469e+03      1.78005897e+01      
4.15159935e+03      1.70664586e+01      
4.21857828e+03      1.60981012e+01      
4.31197149e+03      1.49368499e+01      
4.40536469e+03      1.38040944e+01      
4.49875790e+03      1.27858432e+01      
4.58702880e+03      1.18987597e+01      
4.67017740e+03      1.11201818e+01      
4.75332600e+03      1.04174253e+01      
4.83647460e+03      9.78136070e+00      
4.90931845e+03      9.25595679e+00      
4.97185755e+03      8.80689521e+00      
5.03439665e+03      8.40988364e+00      
5.09693575e+03      8.02453046e+00      
5.16285533e+03      7.64724519e+00      
5.23215538e+03      7.28106857e+00      
5.30145544e+03      6.93024804e+00      
5.37075549e+03      6.59648396e+00      
5.44401556e+03      6.27204495e+00      
5.52123564e+03      5.94871858e+00      
5.59845573e+03      5.64753018e+00      
5.67567581e+03      5.36112057e+00      
5.75757587e+03      5.07920742e+00      
5.84415591e+03      4.80469358e+00      
5.93073595e+03      4.54535236e+00      
6.01731598e+03      4.29902961e+00      
6.10948187e+03      4.05886653e+00      
6.20723361e+03      3.82513894e+00      
6.30498534e+03      3.60586988e+00      
6.40273708e+03      3.39860202e+00      
6.50723028e+03      3.19639708e+00      
6.61846495e+03      2.99917719e+00      
6.72969961e+03      2.81619805e+00      
6.84093428e+03      2.64145905e+00      
6.96040857e+03      2.47376133e+00      
7.08812249e+03      2.31094202e+00      
7.21583641e+03      2.15857721e+00      
7.34355032e+03      2.02046337e+00      
7.46187353e+03      1.90104192e+00      
7.57080603e+03      1.79645635e+00      
7.67973852e+03      1.70110155e+00      
7.78867102e+03      1.61033875e+00      
7.90441173e+03      1.52159044e+00      
8.02696067e+03      1.43540841e+00      
8.14950961e+03      1.35444443e+00      
8.27205855e+03      1.27505883e+00      
8.41982520e+03      1.19160948e+00      
8.59280956e+03      1.10547911e+00      
8.76579392e+03      1.02322640e+00      
8.93877828e+03      9.53512512e-01      
9.07082057e+03      9.00839421e-01      
9.16192079e+03      8.62917661e-01      
9.25302100e+03      8.30439742e-01      
9.34412122e+03      7.97309733e-01      
9.46596241e+03      7.58505739e-01      
9.61854458e+03      7.15300290e-01      
9.77112675e+03      6.73158894e-01      
9.92370892e+03      6.33829546e-01      
1.00797873e+04      5.96444153e-01      
1.02393618e+04      5.61455745e-01      
1.03989363e+04      5.28860152e-01      
1.05585108e+04      4.97745197e-01      
1.07370822e+04      4.66358386e-01      
1.09346507e+04      4.35318321e-01      
1.11322191e+04      4.06151772e-01      
1.13297875e+04      3.78047845e-01      
1.15625002e+04      3.49397243e-01      
1.18303573e+04      3.20603604e-01      
1.20982144e+04      2.93802802e-01      
1.23660715e+04      2.68978617e-01      
1.26736112e+04      2.44477314e-01      
1.30208335e+04      2.20654591e-01      
1.33680558e+04      1.99142452e-01      
1.37152781e+04      1.80574359e-01      
1.40268412e+04      1.65427212e-01      
1.43027449e+04      1.52866389e-01      
1.45786486e+04      1.41871299e-01      
1.48545523e+04      1.31717179e-01      
1.51443729e+04      1.22136637e-01      
1.54481106e+04      1.13120898e-01      
1.57518482e+04      1.04762396e-01      
1.60555859e+04      9.65496798e-02      
1.64751008e+04      8.73080753e-02      
1.70103929e+04      7.75385668e-02      
1.75456851e+04      6.86630919e-02      
1.80809772e+04      6.11374349e-02      
1.85802979e+04      5.49172642e-02      
1.90436473e+04      4.97411264e-02      
1.95069966e+04      4.52686993e-02      
1.99703460e+04      4.10880181e-02      
2.05176771e+04      3.69525401e-02      
2.11489899e+04      3.29311606e-02      
2.17803028e+04      2.93277153e-02      
2.24116156e+04      2.60494775e-02      
2.31758368e+04      2.28364334e-02      
2.40729663e+04      1.97690603e-02      
2.49700959e+04      1.71069788e-02      
2.58672254e+04      1.48531930e-02      
2.68141952e+04      1.28886802e-02      
2.78110051e+04      1.11736011e-02      
2.88078151e+04      9.72263437e-03      
2.98046250e+04      8.44761546e-03      
3.09794371e+04      7.25310170e-03      
3.23322513e+04      6.15924237e-03      
3.36850655e+04      5.23517729e-03      
3.50378797e+04      4.41307808e-03      
3.69318190e+04      3.58788952e-03      
3.93668833e+04      2.82710353e-03      
4.18019476e+04      2.22662439e-03      
4.42370119e+04      1.74385183e-03      
4.75852261e+04      1.30900299e-03      
5.18465900e+04      9.49149528e-04      
5.61079540e+04      6.92741378e-04      
6.03693180e+04      4.97490814e-04      
6.71875000e+04      3.27930427e-04      
7.65625000e+04      2.02537990e-04      
8.59375000e+04      1.27498611e-04      
9.53125000e+04      8.81875003e-05      
1.00000000e+05      3.89154103e-05      
