Wavelength(nm)      SolarFlux(mW/m^2/nm)
1.00000000e+00      3.34202242e-03      
1.37500000e+00      2.67351984e-03      
2.12500000e+00      2.56792292e-02      
2.87500000e+00      3.28725393e-02      
3.62500000e+00      2.42534500e-02      
4.12500000e+00      3.04561861e-02      
4.37500000e+00      3.35575541e-02      
4.62500000e+00      3.35575541e-02      
4.87500000e+00      3.35575541e-02      
5.12500000e+00      5.76785789e-02      
5.37500000e+00      5.76785789e-02      
5.62500000e+00      5.76785789e-02      
5.87500000e+00      5.76785789e-02      
6.12500000e+00      5.13025455e-02      
6.37500000e+00      5.13025455e-02      
6.62500000e+00      5.13025455e-02      
6.87500000e+00      5.13025455e-02      
7.12500000e+00      5.38529588e-02      
7.37500000e+00      5.38529588e-02      
7.62500000e+00      5.38529588e-02      
7.87500000e+00      5.38529588e-02      
8.12500000e+00      3.28169533e-02      
8.37500000e+00      3.28169533e-02      
8.62500000e+00      3.28169533e-02      
8.87500000e+00      3.28169533e-02      
9.12500000e+00      3.68289497e-02      
9.37500000e+00      3.68289497e-02      
9.62500000e+00      3.68289497e-02      
9.87500000e+00      3.68289497e-02      
1.01250000e+01      1.27913039e-02      
1.03750000e+01      1.27913039e-02      
1.06250000e+01      1.27913039e-02      
1.08750000e+01      1.27913039e-02      
1.11250000e+01      9.16677414e-03      
1.13750000e+01      9.16677414e-03      
1.16250000e+01      9.16677414e-03      
1.18750000e+01      9.16677414e-03      
1.21000000e+01      5.94471325e-03      
1.23000001e+01      5.74333468e-03      
1.25000001e+01      5.74333468e-03      
1.27000002e+01      5.74333468e-03      
1.31125002e+01      5.57858595e-03      
1.37375002e+01      6.50748144e-03      
1.43625002e+01      1.76076614e-02      
1.49875002e+01      1.93112746e-02      
1.55875002e+01      2.12370958e-02      
1.61625003e+01      2.72173493e-02      
1.67375003e+01      3.31886970e-02      
1.73125004e+01      1.28011132e-01      
1.79625003e+01      9.77075546e-02      
1.86875002e+01      6.40393915e-02      
1.94125001e+01      6.58202830e-02      
2.01375000e+01      4.27129960e-02      
2.08250000e+01      3.02836366e-02      
2.14750001e+01      2.46605353e-02      
2.21250002e+01      3.15636323e-02      
2.27750003e+01      3.03548998e-02      
2.35875003e+01      1.95832113e-02      
2.45625002e+01      4.51266020e-02      
2.55375001e+01      7.09146911e-02      
2.65125000e+01      2.40768830e-02      
2.71250000e+01      3.46595352e-02      
2.73750000e+01      4.23319570e-02      
2.76250000e+01      4.23319570e-02      
2.78750000e+01      4.42241675e-02      
2.82500000e+01      5.17930096e-02      
2.87500000e+01      5.17930096e-02      
2.92500000e+01      1.48169206e-02      
2.97500000e+01      1.48169206e-02      
3.02500000e+01      3.14387492e-01      
3.07500000e+01      3.14387492e-01      
3.12500000e+01      6.10627812e-02      
3.17500000e+01      6.10627812e-02      
3.22500000e+01      8.48012439e-02      
3.27500000e+01      8.48012439e-02      
3.32500000e+01      8.32808052e-02      
3.37500000e+01      8.32808052e-02      
3.42500000e+01      3.56076941e-02      
3.47500000e+01      3.56076941e-02      
3.52500000e+01      3.06343881e-02      
3.57500000e+01      3.06343881e-02      
3.61250000e+01      3.93411069e-02      
3.63750000e+01      4.15177866e-02      
3.66250000e+01      4.15177866e-02      
3.68750000e+01      2.99608174e-02      
3.73750000e+01      6.84687892e-03      
3.81250000e+01      4.23957173e-03      
3.88750000e+01      2.93003257e-03      
3.96250000e+01      2.91826143e-03      
4.03750000e+01      4.89434131e-03      
4.11250000e+01      8.03363857e-03      
4.18750000e+01      7.19396402e-03      
4.26250000e+01      2.37531767e-03      
4.33750000e+01      5.53733976e-03      
4.41250000e+01      3.29428391e-03      
4.48750000e+01      2.25891418e-03      
4.56250000e+01      2.43123057e-03      
4.62500000e+01      8.08268498e-03      
4.67500000e+01      8.78911678e-03      
4.72500000e+01      3.49014258e-03      
4.77500000e+01      3.49014258e-03      
4.82500000e+01      5.81199966e-03      
4.87500000e+01      5.81199966e-03      
4.92500000e+01      2.06926806e-02      
4.97500000e+01      2.06926806e-02      
5.02500000e+01      8.43107798e-03      
5.07500000e+01      8.43107798e-03      
5.12500000e+01      2.88932405e-03      
5.17500000e+01      2.88932405e-03      
5.22500000e+01      5.09101742e-03      
5.27500000e+01      5.09101742e-03      
5.32500000e+01      3.75205041e-03      
5.37500000e+01      3.75205041e-03      
5.42500000e+01      2.41847851e-03      
5.47500000e+01      2.41847851e-03      
5.52500000e+01      1.08294475e-02      
5.57500000e+01      1.08294475e-02      
5.62500000e+01      3.30180436e-03      
5.67500000e+01      3.30180436e-03      
5.72500000e+01      3.28954276e-03      
5.77500000e+01      3.28954276e-03      
5.82500000e+01      1.86327314e-02      
5.87500000e+01      1.86327314e-02      
5.92500000e+01      3.88839943e-03      
5.97500000e+01      3.88839943e-03      
6.02500000e+01      1.59940345e-02      
6.07500000e+01      1.59940345e-02      
6.12500000e+01      4.86344208e-03      
6.17500000e+01      4.86344208e-03      
6.21250000e+01      1.78681959e-02      
6.23750000e+01      2.11193844e-02      
6.26250000e+01      2.11193844e-02      
6.28750000e+01      1.32327216e-02      
6.36250000e+01      4.31449012e-03      
6.48750000e+01      1.11717914e-03      
6.61250000e+01      8.97647407e-04      
6.73750000e+01      8.71064252e-04      
6.83750000e+01      2.71520929e-03      
6.91250000e+01      2.50153043e-03      
6.98750000e+01      3.44632778e-03      
7.06250000e+01      5.85614143e-03      
7.13750000e+01      2.56561774e-03      
7.21250000e+01      2.14643442e-03      
7.28750000e+01      2.13237444e-03      
7.36250000e+01      2.52343783e-03      
7.43750000e+01      3.10954243e-03      
7.51250000e+01      4.19281415e-03      
7.58750000e+01      7.13396391e-03      
7.66250000e+01      1.19329917e-02      
7.71250000e+01      1.13084674e-02      
7.73750000e+01      1.09962053e-02      
7.76250000e+01      1.09962053e-02      
7.78750000e+01      1.09962053e-02      
7.81250000e+01      1.53220987e-02      
7.83750000e+01      1.53220987e-02      
7.86250000e+01      1.53220987e-02      
7.88750000e+01      1.53220987e-02      
7.91250000e+01      7.16077595e-03      
7.93750000e+01      7.16077595e-03      
7.96250000e+01      7.16077595e-03      
7.98750000e+01      7.24578973e-03      
8.03750000e+01      7.41581728e-03      
8.11250000e+01      8.08938799e-03      
8.18750000e+01      9.76841011e-03      
8.26250000e+01      1.24528837e-02      
8.30749998e+01      1.67861271e-02      
8.32249994e+01      2.11193844e-02      
8.33749990e+01      2.11193844e-02      
8.35249987e+01      2.11193844e-02      
8.38999987e+01      1.87993776e-02      
8.44999990e+01      1.54643333e-02      
8.50999994e+01      1.66349057e-02      
8.56999998e+01      1.72201948e-02      
8.60625000e+01      1.77509019e-02      
8.61875000e+01      1.82550740e-02      
8.63125000e+01      1.82550740e-02      
8.64375000e+01      1.82550740e-02      
8.65625000e+01      1.82550740e-02      
8.66875000e+01      1.82550740e-02      
8.68125000e+01      1.82550740e-02      
8.69375000e+01      1.82550740e-02      
8.70625000e+01      2.17275599e-02      
8.71875000e+01      2.17275599e-02      
8.73125000e+01      2.17275599e-02      
8.74375000e+01      2.17275599e-02      
8.75625000e+01      2.17275599e-02      
8.76875000e+01      2.17275599e-02      
8.78125000e+01      2.17275599e-02      
8.79375000e+01      2.17275599e-02      
8.80625000e+01      2.48321977e-02      
8.81875000e+01      2.48321977e-02      
8.83125000e+01      2.48321977e-02      
8.84375000e+01      2.48321977e-02      
8.85625000e+01      2.48321977e-02      
8.86875000e+01      2.48321977e-02      
8.88125000e+01      2.48321977e-02      
8.89375000e+01      2.48321977e-02      
8.90625000e+01      3.02027796e-02      
8.91875000e+01      3.02027796e-02      
8.93125000e+01      3.02027796e-02      
8.94375000e+01      3.02027796e-02      
8.95625000e+01      3.02027796e-02      
8.96875000e+01      3.02027796e-02      
8.98125000e+01      3.02027796e-02      
8.99375000e+01      3.02027796e-02      
9.00625000e+01      3.55684570e-02      
9.01875000e+01      3.55684570e-02      
9.03125000e+01      3.55684570e-02      
9.04375000e+01      3.55684570e-02      
9.05749998e+01      3.55684570e-02      
9.07249994e+01      3.55684570e-02      
9.08749990e+01      3.55684570e-02      
9.10249987e+01      3.02345109e-02      
9.11499987e+01      2.71864254e-02      
9.12499990e+01      2.71864254e-02      
9.13499994e+01      2.71864254e-02      
9.14499998e+01      2.71864254e-02      
9.15625000e+01      2.71864254e-02      
9.16875000e+01      2.71864254e-02      
9.18125000e+01      2.71864254e-02      
9.19375000e+01      2.71864254e-02      
9.20375004e+01      1.22033932e-02      
9.21125011e+01      9.70628466e-03      
9.21875019e+01      9.70628466e-03      
9.22625027e+01      9.70628466e-03      
9.23500023e+01      9.70628466e-03      
9.24500008e+01      9.70628466e-03      
9.25499992e+01      9.70628466e-03      
9.26499977e+01      9.70628466e-03      
9.27374973e+01      9.70628466e-03      
9.28124981e+01      9.70628466e-03      
9.28874989e+01      9.70628466e-03      
9.29624996e+01      9.70628466e-03      
9.30375004e+01      8.49483832e-03      
9.31125011e+01      8.49483832e-03      
9.31875019e+01      8.49483832e-03      
9.32625027e+01      8.49483832e-03      
9.33625031e+01      8.49483832e-03      
9.34875031e+01      8.49483832e-03      
9.36125031e+01      8.49483832e-03      
9.37375031e+01      8.49483832e-03      
9.38500023e+01      8.49483832e-03      
9.39500008e+01      8.49483832e-03      
9.40499992e+01      6.05723171e-03      
9.41499977e+01      6.05723171e-03      
9.42749977e+01      6.05723171e-03      
9.44249992e+01      6.05723171e-03      
9.45750008e+01      6.05723171e-03      
9.47250023e+01      6.05723171e-03      
9.48375025e+01      6.05723171e-03      
9.49125013e+01      6.05723171e-03      
9.49875002e+01      5.20006394e-03      
9.50624990e+01      3.48572840e-03      
9.51374989e+01      3.48572840e-03      
9.52124996e+01      3.48572840e-03      
9.52875004e+01      3.48572840e-03      
9.53625011e+01      3.48572840e-03      
9.54250011e+01      3.48572840e-03      
9.54750004e+01      3.48572840e-03      
9.55249996e+01      3.48572840e-03      
9.55749989e+01      3.48572840e-03      
9.56124983e+01      3.48572840e-03      
9.56374979e+01      3.48572840e-03      
9.56624975e+01      3.48572840e-03      
9.56874971e+01      3.48572840e-03      
9.57499971e+01      3.48572840e-03      
9.58499975e+01      3.48572840e-03      
9.59499979e+01      3.48572840e-03      
9.60499983e+01      3.62452725e-03      
9.61624985e+01      3.62452974e-03      
9.62874985e+01      3.62452974e-03      
9.64124985e+01      3.62452974e-03      
9.65374985e+01      3.62452974e-03      
9.66124983e+01      3.62452974e-03      
9.66374979e+01      3.62452974e-03      
9.66624975e+01      3.62452974e-03      
9.66874971e+01      3.62452974e-03      
9.67499971e+01      3.62452974e-03      
9.68499975e+01      3.62452974e-03      
9.69499979e+01      3.62452974e-03      
9.70499983e+01      6.50834146e-02      
9.71499987e+01      6.50845869e-02      
9.72499990e+01      6.50845869e-02      
9.73499994e+01      6.50845869e-02      
9.74499998e+01      6.50845869e-02      
9.75625000e+01      6.50845869e-02      
9.76875000e+01      6.50845869e-02      
9.78125000e+01      6.50845869e-02      
9.79375000e+01      6.50845869e-02      
9.80625000e+01      7.38148480e-03      
9.81875000e+01      7.38148480e-03      
9.83125000e+01      7.38148480e-03      
9.84375000e+01      7.38148480e-03      
9.85124998e+01      7.38148480e-03      
9.85374994e+01      7.38148480e-03      
9.85624990e+01      7.38148480e-03      
9.85874987e+01      7.38148480e-03      
9.86249990e+01      7.38148480e-03      
9.86750002e+01      7.38148480e-03      
9.87250013e+01      7.38148480e-03      
9.87750025e+01      7.38148480e-03      
9.88375025e+01      7.38148480e-03      
9.89125013e+01      7.38148480e-03      
9.89875002e+01      8.71718204e-03      
9.90624990e+01      1.13885765e-02      
9.91249990e+01      1.13885765e-02      
9.91750002e+01      1.13885765e-02      
9.92250013e+01      1.13885765e-02      
9.92750025e+01      1.13885765e-02      
9.93875029e+01      1.13885765e-02      
9.95625025e+01      1.13885765e-02      
9.97375021e+01      1.13885765e-02      
9.99125017e+01      8.82898871e-03      
1.00300001e+02      4.61330538e-03      
1.00900002e+02      4.85265367e-03      
1.01500002e+02      5.33134483e-03      
1.02100002e+02      3.11410824e-02      
1.02475001e+02      4.90954570e-02      
1.02625001e+02      4.90954570e-02      
1.02775001e+02      4.90954570e-02      
1.02925000e+02      4.90954570e-02      
1.03062500e+02      5.05902058e-02      
1.03187500e+02      5.06649422e-02      
1.03312500e+02      5.06649422e-02      
1.03437500e+02      5.06649422e-02      
1.03625000e+02      5.06649422e-02      
1.03875000e+02      5.06649422e-02      
1.04125000e+02      7.35696159e-03      
1.04375000e+02      7.35696159e-03      
1.04650000e+02      7.35696159e-03      
1.04949999e+02      6.98094389e-03      
1.05249998e+02      6.22889415e-03      
1.05549997e+02      6.22889415e-03      
1.05862497e+02      6.20543098e-03      
1.06187498e+02      5.92971104e-03      
1.06512499e+02      5.92971104e-03      
1.06837500e+02      5.92971104e-03      
1.07125000e+02      6.26733261e-03      
1.07375000e+02      6.29265448e-03      
1.07625000e+02      6.29265448e-03      
1.07875000e+02      6.29265448e-03      
1.08125000e+02      1.05547876e-02      
1.08375000e+02      1.05547876e-02      
1.08625000e+02      1.05547876e-02      
1.08875000e+02      1.05547876e-02      
1.09125000e+02      7.10192026e-03      
1.09375000e+02      7.10192026e-03      
1.09625000e+02      7.10192026e-03      
1.09875000e+02      7.10192026e-03      
1.10125000e+02      7.57276580e-03      
1.10375000e+02      7.57276580e-03      
1.10625000e+02      7.57276580e-03      
1.10875000e+02      7.57276580e-03      
1.11013889e+02      7.33897660e-03      
1.11041667e+02      6.87140213e-03      
1.11069445e+02      6.87140213e-03      
1.11097223e+02      6.87140213e-03      
1.11222223e+02      6.87140213e-03      
1.11444445e+02      6.87140213e-03      
1.11666667e+02      6.87140213e-03      
1.11888889e+02      6.89310162e-03      
1.12125000e+02      7.58747972e-03      
1.12375000e+02      7.58747972e-03      
1.12625000e+02      7.58747972e-03      
1.12875000e+02      7.58747972e-03      
1.13125000e+02      5.84633214e-03      
1.13375000e+02      5.84633214e-03      
1.13625000e+02      5.84633214e-03      
1.13875000e+02      5.84633214e-03      
1.14125000e+02      3.95559302e-03      
1.14375000e+02      3.95559302e-03      
1.14625000e+02      3.95559302e-03      
1.14875000e+02      3.95559302e-03      
1.15087500e+02      6.25254394e-03      
1.15262499e+02      6.49864940e-03      
1.15437498e+02      6.49864940e-03      
1.15612497e+02      6.49864940e-03      
1.15774998e+02      6.49864940e-03      
1.15924999e+02      6.49864940e-03      
1.16075001e+02      7.34715231e-03      
1.16225002e+02      7.34715231e-03      
1.16387503e+02      7.34715231e-03      
1.16562502e+02      7.34715231e-03      
1.16737501e+02      7.34715231e-03      
1.16912500e+02      7.34715231e-03      
1.17075000e+02      3.07011031e-02      
1.17224999e+02      3.16741720e-02      
1.17374999e+02      3.16741720e-02      
1.17524999e+02      3.16741720e-02      
1.17687499e+02      3.16741720e-02      
1.17862500e+02      3.16741720e-02      
1.18037501e+02      1.49562068e-02      
1.18212502e+02      8.26922483e-03      
1.18387503e+02      8.26922483e-03      
1.18562502e+02      8.26922483e-03      
1.18737501e+02      8.26922483e-03      
1.18912500e+02      8.94001913e-03      
1.19100000e+02      2.77210313e-02      
1.19300001e+02      2.77210313e-02      
1.19500002e+02      2.77210313e-02      
1.19700003e+02      2.70128693e-02      
1.19887503e+02      3.01747558e-02      
1.20062502e+02      3.01628006e-02      
1.20237501e+02      2.72313224e-02      
1.20412500e+02      8.00733421e-02      
1.20587500e+02      2.01699767e-01      
1.20762499e+02      1.48604535e-01      
1.20937498e+02      5.41671828e-02      
1.21112497e+02      1.10232867e-01      
1.21299997e+02      2.76956911e+00      
1.21499998e+02      1.14289803e+01      
1.21699999e+02      7.55075323e+00      
1.21900000e+02      7.79170268e-01      
1.22087500e+02      7.45260584e-02      
1.22262499e+02      3.49253645e-02      
1.22437498e+02      2.51090179e-02      
1.22612497e+02      2.11571323e-02      
1.22799997e+02      1.97063958e-02      
1.22999998e+02      1.71938595e-02      
1.23199999e+02      1.52485349e-02      
1.23400000e+02      1.46946223e-02      
1.23587500e+02      1.68262830e-02      
1.23762499e+02      3.02251086e-02      
1.23937498e+02      3.22600107e-02      
1.24112497e+02      2.41640262e-02      
1.24299997e+02      2.29550616e-02      
1.24499998e+02      1.39231201e-02      
1.24699999e+02      1.14069700e-02      
1.24900000e+02      1.13806062e-02      
1.25100000e+02      1.17803371e-02      
1.25300001e+02      1.40236107e-02      
1.25500002e+02      1.51130344e-02      
1.25700003e+02      1.66194417e-02      
1.25900002e+02      2.57623465e-02      
1.26100001e+02      2.45691183e-02      
1.26300000e+02      2.43386681e-02      
1.26499999e+02      3.93082716e-02      
1.26699999e+02      2.01091318e-02      
1.26900000e+02      9.15022751e-03      
1.27100000e+02      8.57821701e-03      
1.27300001e+02      9.74492422e-03      
1.27500001e+02      1.39702711e-02      
1.27700000e+02      1.54808879e-02      
1.27899999e+02      1.43932952e-02      
1.28099998e+02      1.11415558e-02      
1.28299997e+02      7.69785496e-03      
1.28499998e+02      7.35266161e-03      
1.28699999e+02      1.06589824e-02      
1.28900000e+02      1.31796660e-02      
1.29112499e+02      9.55075216e-03      
1.29337498e+02      9.56728100e-03      
1.29562496e+02      1.31138938e-02      
1.29787495e+02      1.50893336e-02      
1.29999994e+02      4.10477871e-02      
1.30199995e+02      9.64364627e-02      
1.30399996e+02      1.40265532e-01      
1.30599997e+02      1.35987529e-01      
1.30812498e+02      4.61860290e-02      
1.31037500e+02      2.35144671e-02      
1.31262503e+02      1.44506388e-02      
1.31487505e+02      1.26023163e-02      
1.31700005e+02      1.53686472e-02      
1.31900002e+02      1.41118536e-02      
1.32099998e+02      1.00404189e-02      
1.32299995e+02      1.06981834e-02      
1.32512495e+02      1.08315617e-02      
1.32737497e+02      1.31906967e-02      
1.32962500e+02      1.58327229e-02      
1.33187502e+02      4.62614274e-02      
1.33412502e+02      2.58797704e-01      
1.33637501e+02      2.02637233e-01      
1.33862499e+02      2.35467273e-02      
1.34087498e+02      1.03150019e-02      
1.34312498e+02      1.05460685e-02      
1.34537500e+02      1.06942985e-02      
1.34762503e+02      1.14943370e-02      
1.34987505e+02      1.72214474e-02      
1.35212505e+02      2.09335369e-02      
1.35437504e+02      2.58247425e-02      
1.35662502e+02      2.86942675e-02      
1.35887501e+02      2.22898524e-02      
1.36125000e+02      1.68805127e-02      
1.36375000e+02      1.56791565e-02      
1.36625000e+02      1.44500535e-02      
1.36875000e+02      1.64627393e-02      
1.37112499e+02      1.86728968e-02      
1.37337498e+02      1.67183179e-02      
1.37562496e+02      1.47161139e-02      
1.37787495e+02      1.55666212e-02      
1.38024994e+02      1.74050456e-02      
1.38274994e+02      1.64551086e-02      
1.38524994e+02      1.62995617e-02      
1.38774994e+02      1.75459953e-02      
1.39137495e+02      5.87596654e-02      
1.39612497e+02      5.16007371e-02      
1.40087500e+02      5.11597275e-02      
1.40562502e+02      3.69652752e-02      
1.41050003e+02      2.47676388e-02      
1.41550003e+02      2.46127113e-02      
1.42050003e+02      2.46951310e-02      
1.42550003e+02      3.02505668e-02      
1.42807146e+02      2.57219575e-02      
1.42821433e+02      2.48615884e-02      
1.42835719e+02      2.47733420e-02      
1.42850006e+02      2.54804623e-02      
1.43112505e+02      3.17036218e-02      
1.43623216e+02      2.99005209e-02      
1.44133927e+02      2.84856671e-02      
1.44644638e+02      3.00063984e-02      
1.45162495e+02      3.01113776e-02      
1.45687496e+02      3.25191647e-02      
1.46212498e+02      3.53848649e-02      
1.46737499e+02      4.19841167e-02      
1.47275000e+02      5.55176579e-02      
1.47824999e+02      4.14114286e-02      
1.48374998e+02      5.05051072e-02      
1.48924997e+02      4.37049965e-02      
1.49487497e+02      4.36852647e-02      
1.50062498e+02      4.72753907e-02      
1.50637499e+02      4.80784863e-02      
1.51212500e+02      5.22728094e-02      
1.51787500e+02      5.07630372e-02      
1.52362501e+02      6.39352722e-02      
1.52937502e+02      7.22389884e-02      
1.53512503e+02      7.93432856e-02      
1.54100002e+02      6.77996978e-02      
1.54700001e+02      1.69531227e-01      
1.55299999e+02      1.11607257e-01      
1.55899998e+02      1.20088712e-01      
1.56512497e+02      9.10887508e-02      
1.57137497e+02      1.00841286e-01      
1.57762497e+02      9.13971228e-02      
1.58387497e+02      8.92838551e-02      
1.59024998e+02      9.52338446e-02      
1.59674999e+02      9.11754044e-02      
1.60325001e+02      1.01103513e-01      
1.60975002e+02      1.18284948e-01      
1.61625002e+02      1.18428168e-01      
1.62275000e+02      1.37454453e-01      
1.62924997e+02      1.42366589e-01      
1.63574995e+02      1.57709868e-01      
1.64245829e+02      1.82804643e-01      
1.64937498e+02      1.48620671e-01      
1.65629167e+02      3.14332179e-01      
1.66320837e+02      1.94005342e-01      
1.66670837e+02      1.82443495e-01      
1.66679169e+02      1.81030302e-01      
1.66687500e+02      1.81030302e-01      
1.66695831e+02      1.87481143e-01      
1.67049997e+02      2.27871528e-01      
1.67749998e+02      2.04915888e-01      
1.68449999e+02      2.35359628e-01      
1.69150000e+02      2.86753047e-01      
1.69862499e+02      3.44315091e-01      
1.70587498e+02      3.60523195e-01      
1.71312496e+02      3.59308894e-01      
1.72037495e+02      3.90873023e-01      
1.72587494e+02      4.01779904e-01      
1.72962494e+02      3.70811121e-01      
1.73337494e+02      3.84117867e-01      
1.73712494e+02      4.09059721e-01      
1.74087494e+02      4.54234199e-01      
1.74462494e+02      4.91069083e-01      
1.74837494e+02      4.79251646e-01      
1.75212494e+02      5.48771912e-01      
1.75599995e+02      5.97462730e-01      
1.75999996e+02      6.24115389e-01      
1.76399998e+02      5.93860275e-01      
1.76799999e+02      6.67705327e-01      
1.77200001e+02      7.88359702e-01      
1.77600002e+02      7.06850707e-01      
1.78000004e+02      8.06476836e-01      
1.78400005e+02      8.19535203e-01      
1.78800005e+02      8.63033603e-01      
1.79200003e+02      8.46540230e-01      
1.79600000e+02      7.99793717e-01      
1.79999998e+02      8.89456359e-01      
1.80399998e+02      9.50304476e-01      
1.80799999e+02      1.15442937e+00      
1.81200001e+02      9.65539815e-01      
1.81600002e+02      1.46668733e+00      
1.82012503e+02      1.23745986e+00      
1.82437502e+02      1.21984176e+00      
1.82862501e+02      1.13427045e+00      
1.83287500e+02      1.23086305e+00      
1.83712500e+02      1.26565706e+00      
1.84137499e+02      1.12997181e+00      
1.84562498e+02      1.06794308e+00      
1.84987497e+02      1.02455044e+00      
1.85412497e+02      1.25864307e+00      
1.85837496e+02      1.30679971e+00      
1.86262495e+02      1.33876436e+00      
1.86687494e+02      1.47376251e+00      
1.87124994e+02      1.67262073e+00      
1.87574995e+02      1.62373659e+00      
1.88024996e+02      1.56458006e+00      
1.88474997e+02      1.76836708e+00      
1.88924997e+02      1.87820367e+00      
1.89374998e+02      2.01926824e+00      
1.89824999e+02      1.82842345e+00      
1.90275000e+02      1.94787795e+00      
1.90725000e+02      2.09223824e+00      
1.91175001e+02      2.10553531e+00      
1.91625002e+02      2.26556286e+00      
1.92075003e+02      2.38198999e+00      
1.92537502e+02      2.30724746e+00      
1.93012501e+02      1.95013576e+00      
1.93487499e+02      1.62281656e+00      
1.93962498e+02      2.38385730e+00      
1.94437498e+02      2.96508781e+00      
1.94912500e+02      2.99730261e+00      
1.95387503e+02      2.84402183e+00      
1.95862505e+02      2.96996623e+00      
1.96337505e+02      3.03853389e+00      
1.96812504e+02      3.54161533e+00      
1.97287502e+02      3.31016722e+00      
1.97762501e+02      3.20903015e+00      
1.98250000e+02      3.39622812e+00      
1.98750000e+02      3.13220187e+00      
1.99250000e+02      3.50976114e+00      
1.99750000e+02      3.55458959e+00      
2.00000000e+02      3.63218105e+00      
2.00000001e+02      3.64022459e+00      
2.00000002e+02      3.64022459e+00      
2.00000003e+02      3.65376308e+00      
2.00250003e+02      3.80672167e+00      
2.00750002e+02      3.94588258e+00      
2.01250001e+02      4.13304323e+00      
2.01750000e+02      4.31720457e+00      
2.02262501e+02      4.30529946e+00      
2.02787502e+02      4.32925930e+00      
2.03312504e+02      4.73494103e+00      
2.03837505e+02      4.88979030e+00      
2.04362505e+02      5.35904795e+00      
2.04887503e+02      5.50053141e+00      
2.05412500e+02      5.55527681e+00      
2.05937498e+02      5.52949248e+00      
2.06462498e+02      5.69311886e+00      
2.06987499e+02      6.13766727e+00      
2.07512501e+02      6.68234054e+00      
2.08037502e+02      6.96254859e+00      
2.08575003e+02      7.84462652e+00      
2.09125002e+02      9.60850869e+00      
2.09675001e+02      1.17063565e+01      
2.10225000e+02      1.34591985e+01      
2.10787500e+02      1.50825997e+01      
2.11362501e+02      1.66546790e+01      
2.11937502e+02      1.95857150e+01      
2.12512503e+02      1.49129697e+01      
2.13087503e+02      1.58942518e+01      
2.13662504e+02      1.68064806e+01      
2.14237505e+02      2.12193242e+01      
2.14812506e+02      2.01915526e+01      
2.15387505e+02      1.95397678e+01      
2.15962502e+02      1.69042699e+01      
2.16537498e+02      1.65280511e+01      
2.17112495e+02      1.67160770e+01      
2.17724995e+02      1.83382222e+01      
2.18374996e+02      2.42816759e+01      
2.19024998e+02      2.22935840e+01      
2.19674999e+02      2.52762447e+01      
2.20275000e+02      2.59855122e+01      
2.20824999e+02      2.19178797e+01      
2.21374998e+02      1.95404387e+01      
2.21924997e+02      2.14924491e+01      
2.22512497e+02      2.52569050e+01      
2.23137497e+02      2.98555384e+01      
2.23762497e+02      3.38730971e+01      
2.24387497e+02      2.96022280e+01      
2.25024998e+02      2.93863326e+01      
2.25674999e+02      2.57307333e+01      
2.26325001e+02      2.11427305e+01      
2.26975002e+02      1.71316110e+01      
2.27625002e+02      2.03994694e+01      
2.28275000e+02      2.68836575e+01      
2.28924997e+02      2.49463754e+01      
2.29574995e+02      2.42562973e+01      
2.30237495e+02      2.44237302e+01      
2.30912498e+02      2.76317604e+01      
2.31587502e+02      2.56510811e+01      
2.32262505e+02      2.75756309e+01      
2.32937506e+02      2.45631628e+01      
2.33612505e+02      2.20442545e+01      
2.34287504e+02      1.91920559e+01      
2.34962503e+02      2.16553760e+01      
2.35587884e+02      2.78362613e+01      
2.36163647e+02      2.42970377e+01      
2.36739410e+02      2.38092619e+01      
2.37315172e+02      2.64003851e+01      
2.37665173e+02      2.48131418e+01      
2.37789411e+02      2.71337543e+01      
2.37913649e+02      2.35145123e+01      
2.38037887e+02      1.95684378e+01      
2.38462505e+02      2.06075868e+01      
2.39187504e+02      2.33929134e+01      
2.39912502e+02      2.05995878e+01      
2.40637501e+02      1.98315049e+01      
2.41362499e+02      2.28187104e+01      
2.42087498e+02      3.38484399e+01      
2.42812496e+02      3.58788620e+01      
2.43537495e+02      3.30913445e+01      
2.44274994e+02      3.28027108e+01      
2.45024994e+02      2.69992826e+01      
2.45774994e+02      2.50689333e+01      
2.46524994e+02      2.47703626e+01      
2.47287495e+02      2.80446896e+01      
2.48062496e+02      2.54395300e+01      
2.48837498e+02      2.16730333e+01      
2.49612499e+02      3.00748360e+01      
2.50400000e+02      3.03477905e+01      
2.51199999e+02      2.61094666e+01      
2.51999998e+02      2.08233940e+01      
2.52799997e+02      2.14026675e+01      
2.53599997e+02      2.65600945e+01      
2.54399996e+02      2.93581576e+01      
2.55199995e+02      3.60876005e+01      
2.55999994e+02      4.38324049e+01      
2.56812496e+02      5.69039625e+01      
2.57637501e+02      6.20600253e+01      
2.58462505e+02      6.33217275e+01      
2.59287510e+02      5.96612355e+01      
2.60137512e+02      4.49503407e+01      
2.61012512e+02      4.06735400e+01      
2.61887512e+02      5.04906553e+01      
2.62762512e+02      5.20984870e+01      
2.63637512e+02      9.03891513e+01      
2.64512512e+02      1.26868146e+02      
2.65387512e+02      1.26721769e+02      
2.66262512e+02      1.28696354e+02      
2.67150009e+02      1.26046307e+02      
2.68050003e+02      1.26945207e+02      
2.68949997e+02      1.21923668e+02      
2.69849991e+02      1.26768042e+02      
2.70762489e+02      1.35155765e+02      
2.71687492e+02      1.07731137e+02      
2.72612495e+02      1.03191718e+02      
2.73537498e+02      1.04779230e+02      
2.74125601e+02      7.51317023e+01      
2.74376802e+02      6.37463629e+01      
2.74628003e+02      6.84642948e+01      
2.74879204e+02      6.54891198e+01      
2.75354202e+02      8.62401566e+01      
2.76052998e+02      1.13175174e+02      
2.76751794e+02      1.28184682e+02      
2.77450590e+02      1.23964620e+02      
2.78287491e+02      8.77757552e+01      
2.79262497e+02      5.26351860e+01      
2.80237503e+02      4.15247568e+01      
2.81212509e+02      8.75724131e+01      
2.82113240e+02      1.37228657e+02      
2.82939697e+02      1.59246908e+02      
2.83766153e+02      1.57484658e+02      
2.84592609e+02      1.26111604e+02      
2.85092609e+02      7.61067461e+01      
2.85266153e+02      5.62131689e+01      
2.85439697e+02      6.22260533e+01      
2.85613240e+02      9.27516312e+01      
2.86225010e+02      1.57335890e+02      
2.87275005e+02      1.78674101e+02      
2.88325001e+02      1.56166374e+02      
2.89374996e+02      2.25863612e+02      
2.90424995e+02      3.03813715e+02      
2.91474998e+02      2.93752439e+02      
2.92525002e+02      2.60557279e+02      
2.93575005e+02      2.72321386e+02      
2.94650005e+02      2.57034911e+02      
2.95750004e+02      2.84775908e+02      
2.96850002e+02      2.37280132e+02      
2.97950001e+02      2.60825019e+02      
2.99062500e+02      2.40687502e+02      
3.00187500e+02      2.21139977e+02      
3.01312500e+02      2.34579129e+02      
3.02437500e+02      2.39424904e+02      
3.03513304e+02      3.16156365e+02      
3.04539913e+02      3.04094790e+02      
3.05566522e+02      2.99186262e+02      
3.06593131e+02      2.85218312e+02      
3.07180632e+02      3.14004838e+02      
3.07329027e+02      3.17412296e+02      
3.07477421e+02      3.21900772e+02      
3.07625815e+02      3.15163601e+02      
3.08300011e+02      3.18394577e+02      
3.09500008e+02      2.57542091e+02      
3.10700005e+02      3.40495251e+02      
3.11900002e+02      3.50672163e+02      
3.13125000e+02      3.45830390e+02      
3.14375000e+02      3.44043522e+02      
3.15625000e+02      3.13424770e+02      
3.16875000e+02      3.63302478e+02      
3.18125000e+02      3.49068013e+02      
3.19375000e+02      3.57994263e+02      
3.20625000e+02      3.98590193e+02      
3.21875000e+02      3.56103858e+02      
3.23125000e+02      3.27446844e+02      
3.24375000e+02      3.82784909e+02      
3.25625000e+02      4.56999210e+02      
3.26875000e+02      4.92479606e+02      
3.27713409e+02      4.81912625e+02      
3.28140227e+02      4.64373491e+02      
3.28567045e+02      4.63153020e+02      
3.28993862e+02      4.96098504e+02      
3.29618862e+02      5.52328090e+02      
3.30442045e+02      5.16771310e+02      
3.31265227e+02      4.89810255e+02      
3.32088409e+02      4.88193384e+02      
3.33125000e+02      4.74516129e+02      
3.34375000e+02      4.83846921e+02      
3.35625000e+02      4.64990734e+02      
3.36875000e+02      4.10272679e+02      
3.37962972e+02      4.54282078e+02      
3.38888917e+02      4.82075141e+02      
3.39814862e+02      5.08271720e+02      
3.40740807e+02      4.99669582e+02      
3.41365807e+02      4.67083025e+02      
3.41689862e+02      4.59022729e+02      
3.42013917e+02      5.09246498e+02      
3.42337972e+02      4.97117949e+02      
3.42812500e+02      5.16498278e+02      
3.43437500e+02      5.05343414e+02      
3.44062500e+02      4.05863128e+02      
3.44687500e+02      4.45033080e+02      
3.46250000e+02      4.75033914e+02      
3.48750000e+02      4.55454602e+02      
3.51250000e+02      5.11005292e+02      
3.53750000e+02      5.28530183e+02      
3.56250000e+02      4.84961540e+02      
3.58750000e+02      4.33736007e+02      
3.61250000e+02      4.78416640e+02      
3.63750000e+02      5.21338723e+02      
3.66250000e+02      6.11256293e+02      
3.68750000e+02      5.95635305e+02      
3.71250000e+02      5.81197582e+02      
3.73750000e+02      4.86983508e+02      
3.76250000e+02      5.57369433e+02      
3.78750000e+02      6.22138318e+02      
3.81250000e+02      5.50447474e+02      
3.83750000e+02      3.93568066e+02      
3.85625050e+02      5.06258658e+02      
3.86875151e+02      5.12725032e+02      
3.88125252e+02      5.05936815e+02      
3.89375353e+02      5.67607481e+02      
3.90625353e+02      6.22669887e+02      
3.91875252e+02      6.16679411e+02      
3.93125151e+02      3.62267484e+02      
3.94375050e+02      5.08901685e+02      
3.96250000e+02      4.82685135e+02      
3.98750000e+02      7.29583162e+02      
4.01250000e+02      8.57535585e+02      
4.03750000e+02      8.48344582e+02      
4.06250000e+02      8.18604506e+02      
4.08750000e+02      8.40082145e+02      
4.11250000e+02      8.43927375e+02      
4.13750000e+02      8.72096130e+02      
4.16250000e+02      8.77079687e+02      
4.18750000e+02      8.56284467e+02      
4.21250000e+02      8.79096428e+02      
4.23750000e+02      8.48258348e+02      
4.26250000e+02      8.43728401e+02      
4.28750000e+02      7.95247611e+02      
4.31250000e+02      7.24737972e+02      
4.33750000e+02      8.10751822e+02      
4.36250000e+02      8.91026017e+02      
4.38750000e+02      8.67395722e+02      
4.41250000e+02      9.34733323e+02      
4.43750000e+02      9.68964761e+02      
4.45625561e+02      9.31258459e+02      
4.46876683e+02      9.70779694e+02      
4.48127805e+02      1.00224576e+03      
4.49378927e+02      1.00319876e+03      
4.50628927e+02      1.06154113e+03      
4.51877805e+02      1.04557123e+03      
4.53126683e+02      9.47387477e+02      
4.54375561e+02      1.02324659e+03      
4.56250000e+02      1.03519016e+03      
4.58750000e+02      1.02415942e+03      
4.61250000e+02      1.03233745e+03      
4.63750000e+02      1.02888822e+03      
4.66250000e+02      9.98286031e+02      
4.68750000e+02      1.00834517e+03      
4.71250000e+02      9.93018576e+02      
4.73750000e+02      1.02521981e+03      
4.76250000e+02      1.02107187e+03      
4.78750000e+02      1.03766930e+03      
4.81250000e+02      1.03816005e+03      
4.83750000e+02      1.01374834e+03      
4.86250000e+02      8.80687614e+02      
4.88750000e+02      9.70752197e+02      
4.91250000e+02      9.75759005e+02      
4.93750000e+02      9.84285960e+02      
4.96250000e+02      9.94309454e+02      
4.98750000e+02      9.70177532e+02      
5.01250000e+02      9.18152042e+02      
5.03750000e+02      9.54086107e+02      
5.06250000e+02      9.73335782e+02      
5.08750000e+02      9.24699519e+02      
5.11250000e+02      9.59804399e+02      
5.13750000e+02      9.08506874e+02      
5.16250000e+02      8.63612419e+02      
5.18750000e+02      8.65399346e+02      
5.21250000e+02      9.25300281e+02      
5.23750000e+02      9.14017467e+02      
5.26250000e+02      8.89835750e+02      
5.28750000e+02      9.33821574e+02      
5.31250000e+02      9.49809351e+02      
5.33750000e+02      9.02556870e+02      
5.35626888e+02      9.49082881e+02      
5.36880663e+02      9.19703130e+02      
5.38134438e+02      9.37635518e+02      
5.39388214e+02      9.20142137e+02      
5.40638214e+02      8.80903427e+02      
5.41884438e+02      9.22328651e+02      
5.43130663e+02      9.07064231e+02      
5.44376888e+02      9.34776028e+02      
5.45563869e+02      9.38555470e+02      
5.46691608e+02      9.41194458e+02      
5.47819347e+02      9.18809559e+02      
5.48947086e+02      9.29236323e+02      
5.50197086e+02      9.36073906e+02      
5.51569347e+02      9.28225184e+02      
5.52941608e+02      9.17302312e+02      
5.54313869e+02      9.40530527e+02      
5.56250000e+02      9.19439623e+02      
5.58750000e+02      8.89851774e+02      
5.61250000e+02      8.97594339e+02      
5.63750000e+02      9.16623534e+02      
5.65200540e+02      9.05638082e+02      
5.65601619e+02      8.89903944e+02      
5.66002698e+02      8.49509372e+02      
5.66403777e+02      8.88075897e+02      
5.67653777e+02      9.05186982e+02      
5.69752698e+02      8.90462831e+02      
5.71851619e+02      8.92596395e+02      
5.73950540e+02      9.19079014e+02      
5.76250000e+02      8.98503723e+02      
5.78750000e+02      8.91192566e+02      
5.81250000e+02      9.02108286e+02      
5.83750000e+02      9.07118370e+02      
5.86250000e+02      8.83802435e+02      
5.88750000e+02      8.41206549e+02      
5.91250000e+02      8.81997293e+02      
5.93750000e+02      8.78013490e+02      
5.96250000e+02      8.73654891e+02      
5.98750000e+02      8.65359858e+02      
6.01250000e+02      8.50316672e+02      
6.03750000e+02      8.61689500e+02      
6.05004234e+02      8.68085867e+02      
6.05012703e+02      8.69628653e+02      
6.05021172e+02      8.69803760e+02      
6.05029640e+02      8.64936376e+02      
6.06279640e+02      8.63684199e+02      
6.08771172e+02      8.56417740e+02      
6.11262703e+02      8.47674160e+02      
6.13754234e+02      8.31597975e+02      
6.16250000e+02      8.17331825e+02      
6.18750000e+02      8.35296748e+02      
6.21250000e+02      8.34945844e+02      
6.23750000e+02      8.12526163e+02      
6.26250000e+02      8.18153763e+02      
6.28750000e+02      8.28889349e+02      
6.31250000e+02      8.07978690e+02      
6.33750000e+02      8.11096879e+02      
6.36250000e+02      8.07589882e+02      
6.38750000e+02      8.08513648e+02      
6.41250000e+02      7.89639494e+02      
6.43750000e+02      7.98963961e+02      
6.46250000e+02      7.87226103e+02      
6.48750000e+02      7.80701688e+02      
6.51250000e+02      7.87379256e+02      
6.53750000e+02      7.76310063e+02      
6.56250000e+02      6.88683364e+02      
6.58750000e+02      7.54600509e+02      
6.61250000e+02      7.68097812e+02      
6.63750000e+02      7.53705683e+02      
6.65208336e+02      7.53798451e+02      
6.65625007e+02      7.58002248e+02      
6.66041679e+02      7.54838677e+02      
6.66458351e+02      7.39394695e+02      
6.67708351e+02      7.54346771e+02      
6.69791679e+02      7.59837063e+02      
6.71875007e+02      7.57162705e+02      
6.73958336e+02      7.58200397e+02      
6.76250000e+02      7.49778590e+02      
6.78750000e+02      7.40756188e+02      
6.81250000e+02      7.35015423e+02      
6.83750000e+02      7.31190540e+02      
6.85760623e+02      7.35137336e+02      
6.87281868e+02      7.41811403e+02      
6.88803113e+02      7.31890209e+02      
6.90324358e+02      7.26664913e+02      
6.91574358e+02      7.17763450e+02      
6.92553113e+02      7.16351090e+02      
6.93531868e+02      7.17246764e+02      
6.94510623e+02      7.18586365e+02      
6.96250000e+02      7.24879003e+02      
6.98750000e+02      7.17768925e+02      
7.01250000e+02      7.07353858e+02      
7.03750000e+02      7.13333078e+02      
7.06250000e+02      7.08640479e+02      
7.08750000e+02      7.00995873e+02      
7.11250000e+02      6.92040444e+02      
7.13750000e+02      6.82390440e+02      
7.16250000e+02      6.76701554e+02      
7.18750000e+02      6.68504019e+02      
7.21250000e+02      6.69587923e+02      
7.23750000e+02      6.68509569e+02      
7.26250000e+02      6.64613221e+02      
7.28750000e+02      6.50784507e+02      
7.31250000e+02      6.56063958e+02      
7.33750000e+02      6.55459627e+02      
7.36250000e+02      6.49119068e+02      
7.38750000e+02      6.37593110e+02      
7.41250000e+02      6.30617890e+02      
7.43750000e+02      6.38466588e+02      
7.45859962e+02      6.37341769e+02      
7.47579885e+02      6.39651238e+02      
7.49299808e+02      6.29883319e+02      
7.51019731e+02      6.27791209e+02      
7.52269731e+02      6.27651928e+02      
7.53049808e+02      6.29246147e+02      
7.53829885e+02      6.32345387e+02      
7.54609962e+02      6.29293977e+02      
7.56250000e+02      6.26522366e+02      
7.58750000e+02      6.20610647e+02      
7.61250000e+02      6.09692437e+02      
7.63750000e+02      6.15076117e+02      
7.66250000e+02      5.94576444e+02      
7.68750000e+02      6.02580186e+02      
7.71250000e+02      5.95865876e+02      
7.73750000e+02      5.94846162e+02      
7.75857604e+02      5.87208511e+02      
7.77572811e+02      5.84823368e+02      
7.79288018e+02      5.82988191e+02      
7.81003225e+02      5.80844394e+02      
7.82253225e+02      5.85960517e+02      
7.83038018e+02      5.76974098e+02      
7.83822811e+02      5.71278131e+02      
7.84607604e+02      5.78618871e+02      
7.86250000e+02      5.73177599e+02      
7.88750000e+02      5.76045657e+02      
7.91250000e+02      5.69762548e+02      
7.93750000e+02      5.53567749e+02      
7.96250000e+02      5.65449758e+02      
7.98750000e+02      5.60730292e+02      
8.01250000e+02      5.57855273e+02      
8.03750000e+02      5.53630299e+02      
8.06250000e+02      5.52939508e+02      
8.08750000e+02      5.47310646e+02      
8.11250000e+02      5.51217202e+02      
8.13750000e+02      5.52015611e+02      
8.16250000e+02      5.46185438e+02      
8.18750000e+02      5.31418775e+02      
8.21250000e+02      5.26404148e+02      
8.23750000e+02      5.32621273e+02      
8.26250000e+02      5.32309660e+02      
8.28750000e+02      5.27128395e+02      
8.31250000e+02      5.24801988e+02      
8.33750000e+02      5.08118244e+02      
8.35932497e+02      5.18790249e+02      
8.37797491e+02      5.13882182e+02      
8.39662485e+02      5.11064053e+02      
8.41527480e+02      5.12287649e+02      
8.42777480e+02      5.01148919e+02      
8.43412485e+02      4.97954742e+02      
8.44047491e+02      4.94677139e+02      
8.44682497e+02      5.09246705e+02      
8.46250000e+02      5.04410118e+02      
8.48750000e+02      4.87286759e+02      
8.51250000e+02      4.74926156e+02      
8.53750000e+02      4.23627960e+02      
8.56250000e+02      4.81652200e+02      
8.58750000e+02      4.84613399e+02      
8.61250000e+02      4.87439199e+02      
8.63750000e+02      4.93990146e+02      
8.66250000e+02      4.48324789e+02      
8.68750000e+02      4.83160359e+02      
8.71250000e+02      4.92679157e+02      
8.73750000e+02      4.83222860e+02      
8.76250000e+02      4.73182991e+02      
8.78750000e+02      4.75747587e+02      
8.81250000e+02      4.63957521e+02      
8.83750000e+02      4.65918401e+02      
8.85783196e+02      4.61342583e+02      
8.87349589e+02      4.54066369e+02      
8.88915982e+02      4.63578719e+02      
8.90482375e+02      4.65081013e+02      
8.91732375e+02      4.59156146e+02      
8.92665982e+02      4.48004696e+02      
8.93599589e+02      4.56434165e+02      
8.94533196e+02      4.47372623e+02      
8.96250000e+02      4.55003128e+02      
8.98750000e+02      4.50876069e+02      
9.01250000e+02      4.29419259e+02      
9.03750000e+02      4.48030398e+02      
9.06250000e+02      4.43152667e+02      
9.08750000e+02      4.30889893e+02      
9.11250000e+02      4.32303211e+02      
9.13750000e+02      4.38836688e+02      
9.16250000e+02      4.33094928e+02      
9.18750000e+02      4.31211838e+02      
9.21250000e+02      4.19595138e+02      
9.23750000e+02      4.10349549e+02      
9.26250000e+02      4.15978450e+02      
9.28750000e+02      4.21986817e+02      
9.31250000e+02      4.20626109e+02      
9.33750000e+02      4.19776213e+02      
9.36250000e+02      4.13716515e+02      
9.38750000e+02      4.13551496e+02      
9.41250000e+02      3.97852401e+02      
9.43750000e+02      4.03547935e+02      
9.46250000e+02      4.05580794e+02      
9.48750000e+02      4.06423276e+02      
9.51250000e+02      4.01913064e+02      
9.53750000e+02      3.93194981e+02      
9.55817304e+02      3.86531956e+02      
9.57451913e+02      3.93381179e+02      
9.59086521e+02      3.97325576e+02      
9.60721130e+02      3.90514247e+02      
9.61971130e+02      3.93826940e+02      
9.62836521e+02      3.87049988e+02      
9.63701913e+02      3.87032021e+02      
9.64567304e+02      3.88799660e+02      
9.66250000e+02      3.84643163e+02      
9.68750000e+02      3.85508856e+02      
9.71250000e+02      3.84657007e+02      
9.73750000e+02      3.78926182e+02      
9.76250000e+02      3.78986027e+02      
9.78750000e+02      3.76628968e+02      
9.81250000e+02      3.76982109e+02      
9.83750000e+02      3.74001286e+02      
9.86250000e+02      3.71773349e+02      
9.88750000e+02      3.68108936e+02      
9.91250000e+02      3.67246813e+02      
9.93750000e+02      3.67412634e+02      
9.96250000e+02      3.65429782e+02      
9.98750000e+02      3.63199765e+02      
1.00125000e+03      3.62252080e+02      
1.00375000e+03      3.53256873e+02      
1.00625000e+03      3.45589490e+02      
1.00875000e+03      3.55569133e+02      
1.01125000e+03      3.53815775e+02      
1.01375000e+03      3.50659944e+02      
1.01625000e+03      3.47380022e+02      
1.01875000e+03      3.43935136e+02      
1.02125000e+03      3.42978650e+02      
1.02375000e+03      3.45185018e+02      
1.02625000e+03      3.43585487e+02      
1.02875000e+03      3.40773412e+02      
1.03125000e+03      3.39113305e+02      
1.03375000e+03      3.33172774e+02      
1.03515868e+03      3.31014946e+02      
1.03547603e+03      3.35199726e+02      
1.03579339e+03      3.35835320e+02      
1.03611075e+03      3.36110583e+02      
1.03736075e+03      3.30183661e+02      
1.03954339e+03      3.31523624e+02      
1.04172603e+03      3.30820777e+02      
1.04390868e+03      3.29578544e+02      
1.04625000e+03      3.23800675e+02      
1.04875000e+03      3.27208321e+02      
1.05125000e+03      3.25073934e+02      
1.05375000e+03      3.23155681e+02      
1.05625000e+03      3.23502141e+02      
1.05875000e+03      3.16914891e+02      
1.06125000e+03      3.16307489e+02      
1.06375000e+03      3.16750098e+02      
1.06556484e+03      3.17148442e+02      
1.06669451e+03      3.10435774e+02      
1.06782418e+03      3.14942281e+02      
1.06895385e+03      2.98587428e+02      
1.07020385e+03      3.09487665e+02      
1.07157418e+03      3.11877641e+02      
1.07294451e+03      3.05725293e+02      
1.07431484e+03      3.08682396e+02      
1.07625000e+03      3.08895461e+02      
1.07875000e+03      3.06274176e+02      
1.08125000e+03      3.02425491e+02      
1.08375000e+03      3.00480265e+02      
1.08687500e+03      2.99064068e+02      
1.09062500e+03      2.99779534e+02      
1.09437500e+03      2.86105778e+02      
1.09812500e+03      2.90169797e+02      
1.10374294e+03      2.89773909e+02      
1.11122881e+03      2.87047694e+02      
1.11871468e+03      2.82377973e+02      
1.12620055e+03      2.76101203e+02      
1.13903128e+03      2.69416235e+02      
1.15720685e+03      2.61894414e+02      
1.17538242e+03      2.53057454e+02      
1.19355799e+03      2.44115866e+02      
1.21571375e+03      2.35927241e+02      
1.24184971e+03      2.25978729e+02      
1.26798566e+03      2.17121492e+02      
1.29412161e+03      2.06382527e+02      
1.32261778e+03      1.97740174e+02      
1.35347418e+03      1.88630513e+02      
1.38433059e+03      1.79856331e+02      
1.41518699e+03      1.70396753e+02      
1.44740644e+03      1.62391864e+02      
1.48098895e+03      1.53676470e+02      
1.51457146e+03      1.44946453e+02      
1.54815397e+03      1.37553060e+02      
1.58029753e+03      1.29085104e+02      
1.61100215e+03      1.23028063e+02      
1.64170676e+03      1.16103512e+02      
1.67241138e+03      1.09231479e+02      
1.70956790e+03      1.02880900e+02      
1.75317633e+03      9.40690075e+01      
1.79678476e+03      8.68270382e+01      
1.84039319e+03      8.04411651e+01      
1.88194796e+03      7.36643300e+01      
1.92144910e+03      6.92893387e+01      
1.96095023e+03      6.37634939e+01      
2.00045136e+03      5.97290644e+01      
2.04300708e+03      5.53130204e+01      
2.08861738e+03      5.13056682e+01      
2.13422769e+03      4.76038388e+01      
2.17983800e+03      4.35409822e+01      
2.23748645e+03      3.96034093e+01      
2.30717304e+03      3.52260363e+01      
2.37685964e+03      3.11919890e+01      
2.44654623e+03      2.82152989e+01      
2.50366265e+03      2.60637708e+01      
2.54820889e+03      2.44387961e+01      
2.59275514e+03      2.30191191e+01      
2.63730139e+03      2.16359883e+01      
2.69209120e+03      2.01516245e+01      
2.75712457e+03      1.86128635e+01      
2.82215795e+03      1.71543842e+01      
2.88719133e+03      1.58049483e+01      
2.95966840e+03      1.44885564e+01      
3.03958917e+03      1.32182729e+01      
3.11950994e+03      1.20572751e+01      
3.19943070e+03      1.10145002e+01      
3.28153443e+03      1.00629194e+01      
3.36582112e+03      9.19248302e+00      
3.45010781e+03      8.41325894e+00      
3.53439450e+03      7.69001781e+00      
3.63067350e+03      6.97761618e+00      
3.73894480e+03      6.29294904e+00      
3.84721610e+03      5.67282809e+00      
3.95548740e+03      5.16576248e+00      
4.02990538e+03      4.82332479e+00      
4.07047004e+03      4.61206200e+00      
4.11103469e+03      4.45014743e+00      
4.15159935e+03      4.26661465e+00      
4.21857828e+03      4.02452530e+00      
4.31197149e+03      3.73421247e+00      
4.40536469e+03      3.45102360e+00      
4.49875790e+03      3.19646080e+00      
4.58702880e+03      2.97468992e+00      
4.67017740e+03      2.78004544e+00      
4.75332600e+03      2.60435633e+00      
4.83647460e+03      2.44534018e+00      
4.90931845e+03      2.31398920e+00      
4.97185755e+03      2.20172380e+00      
5.03439665e+03      2.10247091e+00      
5.09693575e+03      2.00613262e+00      
5.16285533e+03      1.91181130e+00      
5.23215538e+03      1.82026714e+00      
5.30145544e+03      1.73256201e+00      
5.37075549e+03      1.64912099e+00      
5.44401556e+03      1.56801124e+00      
5.52123564e+03      1.48717965e+00      
5.59845573e+03      1.41188255e+00      
5.67567581e+03      1.34028014e+00      
5.75757587e+03      1.26980185e+00      
5.84415591e+03      1.20117340e+00      
5.93073595e+03      1.13633809e+00      
6.01731598e+03      1.07475740e+00      
6.10948187e+03      1.01471663e+00      
6.20723361e+03      9.56284735e-01      
6.30498534e+03      9.01467471e-01      
6.40273708e+03      8.49650506e-01      
6.50723028e+03      7.99099270e-01      
6.61846495e+03      7.49794298e-01      
6.72969961e+03      7.04049511e-01      
6.84093428e+03      6.60364764e-01      
6.96040857e+03      6.18440333e-01      
7.08812249e+03      5.77735505e-01      
7.21583641e+03      5.39644303e-01      
7.34355032e+03      5.05115843e-01      
7.46187353e+03      4.75260481e-01      
7.57080603e+03      4.49114087e-01      
7.67973852e+03      4.25275387e-01      
7.78867102e+03      4.02584687e-01      
7.90441173e+03      3.80397611e-01      
8.02696067e+03      3.58852102e-01      
8.14950961e+03      3.38611108e-01      
8.27205855e+03      3.18764707e-01      
8.41982520e+03      2.97902371e-01      
8.59280956e+03      2.76369777e-01      
8.76579392e+03      2.55806599e-01      
8.93877828e+03      2.38378128e-01      
9.07082057e+03      2.25209855e-01      
9.16192079e+03      2.15729415e-01      
9.25302100e+03      2.07609936e-01      
9.34412122e+03      1.99327433e-01      
9.46596241e+03      1.89626435e-01      
9.61854458e+03      1.78825072e-01      
9.77112675e+03      1.68289723e-01      
9.92370892e+03      1.58457386e-01      
1.00797873e+04      1.49111038e-01      
1.02393618e+04      1.40363936e-01      
1.03989363e+04      1.32215038e-01      
1.05585108e+04      1.24436299e-01      
1.07370822e+04      1.16589596e-01      
1.09346507e+04      1.08829580e-01      
1.11322191e+04      1.01537943e-01      
1.13297875e+04      9.45119613e-02      
1.15625002e+04      8.73493107e-02      
1.18303573e+04      8.01509010e-02      
1.20982144e+04      7.34507004e-02      
1.23660715e+04      6.72446541e-02      
1.26736112e+04      6.11193285e-02      
1.30208335e+04      5.51636477e-02      
1.33680558e+04      4.97856130e-02      
1.37152781e+04      4.51435897e-02      
1.40268412e+04      4.13568029e-02      
1.43027449e+04      3.82165974e-02      
1.45786486e+04      3.54678247e-02      
1.48545523e+04      3.29292947e-02      
1.51443729e+04      3.05341593e-02      
1.54481106e+04      2.82802244e-02      
1.57518482e+04      2.61905991e-02      
1.60555859e+04      2.41374199e-02      
1.64751008e+04      2.18270188e-02      
1.70103929e+04      1.93846417e-02      
1.75456851e+04      1.71657730e-02      
1.80809772e+04      1.52843587e-02      
1.85802979e+04      1.37293161e-02      
1.90436473e+04      1.24352816e-02      
1.95069966e+04      1.13171748e-02      
1.99703460e+04      1.02720045e-02      
2.05176771e+04      9.23813503e-03      
2.11489899e+04      8.23279014e-03      
2.17803028e+04      7.33192884e-03      
2.24116156e+04      6.51236938e-03      
2.31758368e+04      5.70910834e-03      
2.40729663e+04      4.94226507e-03      
2.49700959e+04      4.27674470e-03      
2.58672254e+04      3.71329825e-03      
2.68141952e+04      3.22217006e-03      
2.78110051e+04      2.79340028e-03      
2.88078151e+04      2.43065859e-03      
2.98046250e+04      2.11190387e-03      
3.09794371e+04      1.81327542e-03      
3.23322513e+04      1.53981059e-03      
3.36850655e+04      1.30879432e-03      
3.50378797e+04      1.10326952e-03      
3.69318190e+04      8.96972381e-04      
3.93668833e+04      7.06775882e-04      
4.18019476e+04      5.56656097e-04      
4.42370119e+04      4.35962958e-04      
4.75852261e+04      3.27250748e-04      
5.18465900e+04      2.37287382e-04      
5.61079540e+04      1.73185345e-04      
6.03693180e+04      1.24372703e-04      
6.71875000e+04      8.19826067e-05      
7.65625000e+04      5.06344975e-05      
8.59375000e+04      3.18746526e-05      
9.53125000e+04      2.20468751e-05      
1.00000000e+05      9.72885257e-06      
