Wavelength(nm)      SolarFlux(mW/m^2/nm)
1.00000000e+00      6.65322393e-03      
1.37500000e+00      5.32238386e-03      
2.12500000e+00      5.11216386e-02      
2.87500000e+00      6.54419203e-02      
3.62500000e+00      4.82832291e-02      
4.12500000e+00      6.06314982e-02      
4.37500000e+00      6.68056327e-02      
4.62500000e+00      6.68056327e-02      
4.87500000e+00      6.68056327e-02      
5.12500000e+00      1.14825232e-01      
5.37500000e+00      1.14825232e-01      
5.62500000e+00      1.14825232e-01      
5.87500000e+00      1.14825232e-01      
6.12500000e+00      1.02131967e-01      
6.37500000e+00      1.02131967e-01      
6.62500000e+00      1.02131967e-01      
6.87500000e+00      1.02131967e-01      
7.12500000e+00      1.07209273e-01      
7.37500000e+00      1.07209273e-01      
7.62500000e+00      1.07209273e-01      
7.87500000e+00      1.07209273e-01      
8.12500000e+00      6.53312611e-02      
8.37500000e+00      6.53312611e-02      
8.62500000e+00      6.53312611e-02      
8.87500000e+00      6.53312611e-02      
9.12500000e+00      7.33182543e-02      
9.37500000e+00      7.33182543e-02      
9.62500000e+00      7.33182543e-02      
9.87500000e+00      7.33182543e-02      
1.01250000e+01      2.54646434e-02      
1.03750000e+01      2.54646434e-02      
1.06250000e+01      2.54646434e-02      
1.08750000e+01      2.54646434e-02      
1.11250000e+01      1.82490102e-02      
1.13750000e+01      1.82490102e-02      
1.16250000e+01      1.82490102e-02      
1.18750000e+01      1.82490102e-02      
1.21000000e+01      1.18346030e-02      
1.23000001e+01      1.14337030e-02      
1.25000001e+01      1.14337030e-02      
1.27000002e+01      1.14337030e-02      
1.31125002e+01      1.11057249e-02      
1.37375002e+01      1.29549494e-02      
1.43625002e+01      3.50529409e-02      
1.49875002e+01      3.84444562e-02      
1.55875002e+01      4.22783382e-02      
1.61625003e+01      5.41836938e-02      
1.67375003e+01      6.60713202e-02      
1.73125004e+01      2.54841715e-01      
1.79625003e+01      1.94514028e-01      
1.86875002e+01      1.27488197e-01      
1.94125001e+01      1.31033556e-01      
2.01375000e+01      8.50320829e-02      
2.08250000e+01      6.02879904e-02      
2.14750001e+01      4.90936453e-02      
2.21250002e+01      6.28361774e-02      
2.27750003e+01      6.04298596e-02      
2.35875003e+01      3.89858218e-02      
2.45625002e+01      8.98370361e-02      
2.55375001e+01      1.41175391e-01      
2.65125000e+01      4.79317233e-02      
2.71250000e+01      6.89994320e-02      
2.73750000e+01      8.42735188e-02      
2.76250000e+01      8.42735188e-02      
2.78750000e+01      8.80404895e-02      
2.82500000e+01      1.03108372e-01      
2.87500000e+01      1.03108372e-01      
2.92500000e+01      2.94971962e-02      
2.97500000e+01      2.94971962e-02      
3.02500000e+01      6.25875629e-01      
3.07500000e+01      6.25875629e-01      
3.12500000e+01      1.21562427e-01      
3.17500000e+01      1.21562427e-01      
3.22500000e+01      1.68820431e-01      
3.27500000e+01      1.68820431e-01      
3.32500000e+01      1.65793575e-01      
3.37500000e+01      1.65793575e-01      
3.42500000e+01      7.08870058e-02      
3.47500000e+01      7.08870058e-02      
3.52500000e+01      6.09862587e-02      
3.57500000e+01      6.09862587e-02      
3.61250000e+01      7.83194009e-02      
3.63750000e+01      8.26526865e-02      
3.66250000e+01      8.26526865e-02      
3.68750000e+01      5.96453291e-02      
3.73750000e+01      1.36306143e-02      
3.81250000e+01      8.44004515e-03      
3.88750000e+01      5.83304370e-03      
3.96250000e+01      5.80960998e-03      
4.03750000e+01      9.74354588e-03      
4.11250000e+01      1.59931891e-02      
4.18750000e+01      1.43215836e-02      
4.26250000e+01      4.72872960e-03      
4.33750000e+01      1.10236129e-02      
4.41250000e+01      6.55818717e-03      
4.48750000e+01      4.49699614e-03      
4.56250000e+01      4.84003977e-03      
4.62500000e+01      1.60908296e-02      
4.67500000e+01      1.74971783e-02      
4.72500000e+01      6.94809825e-03      
4.77500000e+01      6.94809825e-03      
4.82500000e+01      1.15703997e-02      
4.87500000e+01      1.15703997e-02      
4.92500000e+01      4.11945286e-02      
4.97500000e+01      4.11945286e-02      
5.02500000e+01      1.67844026e-02      
5.07500000e+01      1.67844026e-02      
5.12500000e+01      5.75200208e-03      
5.17500000e+01      5.75200208e-03      
5.22500000e+01      1.01350843e-02      
5.27500000e+01      1.01350843e-02      
5.32500000e+01      7.46949854e-03      
5.37500000e+01      7.46949854e-03      
5.42500000e+01      4.81465324e-03      
5.47500000e+01      4.81465324e-03      
5.52500000e+01      2.15590232e-02      
5.57500000e+01      2.15590232e-02      
5.62500000e+01      6.57315872e-03      
5.67500000e+01      6.57315872e-03      
5.72500000e+01      6.54874859e-03      
5.77500000e+01      6.54874859e-03      
5.82500000e+01      3.70936274e-02      
5.87500000e+01      3.70936274e-02      
5.92500000e+01      7.74093914e-03      
5.97500000e+01      7.74093914e-03      
6.02500000e+01      3.18405683e-02      
6.07500000e+01      3.18405683e-02      
6.12500000e+01      9.68203236e-03      
6.17500000e+01      9.68203236e-03      
6.21250000e+01      3.55716072e-02      
6.23750000e+01      4.20440009e-02      
6.26250000e+01      4.20440009e-02      
6.28750000e+01      2.63434079e-02      
6.36250000e+01      8.58919102e-03      
6.48750000e+01      2.22405540e-03      
6.61250000e+01      1.78701650e-03      
6.73750000e+01      1.73409535e-03      
6.83750000e+01      5.40537829e-03      
6.91250000e+01      4.97999116e-03      
6.98750000e+01      6.86087274e-03      
7.06250000e+01      1.16582762e-02      
7.13750000e+01      5.10757475e-03      
7.21250000e+01      4.27307392e-03      
7.28750000e+01      4.24508364e-03      
7.36250000e+01      5.02360392e-03      
7.43750000e+01      6.19040794e-03      
7.51250000e+01      8.34696120e-03      
7.58750000e+01      1.42021367e-02      
7.66250000e+01      2.37559346e-02      
7.71250000e+01      2.25126455e-02      
7.73750000e+01      2.18910010e-02      
7.76250000e+01      2.18910010e-02      
7.78750000e+01      2.18910010e-02      
7.81250000e+01      3.05028934e-02      
7.83750000e+01      3.05028934e-02      
7.86250000e+01      3.05028934e-02      
7.88750000e+01      3.05028934e-02      
7.91250000e+01      1.42555136e-02      
7.93750000e+01      1.42555136e-02      
7.96250000e+01      1.42555136e-02      
7.98750000e+01      1.44247571e-02      
8.03750000e+01      1.47632442e-02      
8.11250000e+01      1.61041738e-02      
8.18750000e+01      1.94467337e-02      
8.26250000e+01      2.47909239e-02      
8.30749998e+01      3.34174487e-02      
8.32249994e+01      4.20440009e-02      
8.33749990e+01      4.20440009e-02      
8.35249987e+01      4.20440009e-02      
8.38999987e+01      3.74253830e-02      
8.44999990e+01      3.07860509e-02      
8.50999994e+01      3.31164005e-02      
8.56999998e+01      3.42815809e-02      
8.60625000e+01      3.53381008e-02      
8.61875000e+01      3.63417955e-02      
8.63125000e+01      3.63417955e-02      
8.64375000e+01      3.63417955e-02      
8.65625000e+01      3.63417955e-02      
8.66875000e+01      3.63417955e-02      
8.68125000e+01      3.63417955e-02      
8.69375000e+01      3.63417955e-02      
8.70625000e+01      4.32547432e-02      
8.71875000e+01      4.32547432e-02      
8.73125000e+01      4.32547432e-02      
8.74375000e+01      4.32547432e-02      
8.75625000e+01      4.32547432e-02      
8.76875000e+01      4.32547432e-02      
8.78125000e+01      4.32547432e-02      
8.79375000e+01      4.32547432e-02      
8.80625000e+01      4.94353871e-02      
8.81875000e+01      4.94353871e-02      
8.83125000e+01      4.94353871e-02      
8.84375000e+01      4.94353871e-02      
8.85625000e+01      4.94353871e-02      
8.86875000e+01      4.94353871e-02      
8.88125000e+01      4.94353871e-02      
8.89375000e+01      4.94353871e-02      
8.90625000e+01      6.01270223e-02      
8.91875000e+01      6.01270223e-02      
8.93125000e+01      6.01270223e-02      
8.94375000e+01      6.01270223e-02      
8.95625000e+01      6.01270223e-02      
8.96875000e+01      6.01270223e-02      
8.98125000e+01      6.01270223e-02      
8.99375000e+01      6.01270223e-02      
9.00625000e+01      7.08088934e-02      
9.01875000e+01      7.08088934e-02      
9.03125000e+01      7.08088934e-02      
9.04375000e+01      7.08088934e-02      
9.05749998e+01      7.08088934e-02      
9.07249994e+01      7.08088934e-02      
9.08749990e+01      7.08088934e-02      
9.10249987e+01      6.01901921e-02      
9.11499987e+01      5.41221313e-02      
9.12499990e+01      5.41221313e-02      
9.13499994e+01      5.41221313e-02      
9.14499998e+01      5.41221313e-02      
9.15625000e+01      5.41221313e-02      
9.16875000e+01      5.41221313e-02      
9.18125000e+01      5.41221313e-02      
9.19375000e+01      5.41221313e-02      
9.20375004e+01      2.42942439e-02      
9.21125011e+01      1.93230557e-02      
9.21875019e+01      1.93230557e-02      
9.22625027e+01      1.93230557e-02      
9.23500023e+01      1.93230557e-02      
9.24500008e+01      1.93230557e-02      
9.25499992e+01      1.93230557e-02      
9.26499977e+01      1.93230557e-02      
9.27374973e+01      1.93230557e-02      
9.28124981e+01      1.93230557e-02      
9.28874989e+01      1.93230557e-02      
9.29624996e+01      1.93230557e-02      
9.30375004e+01      1.69113353e-02      
9.31125011e+01      1.69113353e-02      
9.31875019e+01      1.69113353e-02      
9.32625027e+01      1.69113353e-02      
9.33625031e+01      1.69113353e-02      
9.34875031e+01      1.69113353e-02      
9.36125031e+01      1.69113353e-02      
9.37375031e+01      1.69113353e-02      
9.38500023e+01      1.69113353e-02      
9.39500008e+01      1.69113353e-02      
9.40499992e+01      1.20586022e-02      
9.41499977e+01      1.20586022e-02      
9.42749977e+01      1.20586022e-02      
9.44249992e+01      1.20586022e-02      
9.45750008e+01      1.20586022e-02      
9.47250023e+01      1.20586022e-02      
9.48375025e+01      1.20586022e-02      
9.49125013e+01      1.20586022e-02      
9.49875002e+01      1.03521717e-02      
9.50624990e+01      6.93931061e-03      
9.51374989e+01      6.93931061e-03      
9.52124996e+01      6.93931061e-03      
9.52875004e+01      6.93931061e-03      
9.53625011e+01      6.93931061e-03      
9.54250011e+01      6.93931061e-03      
9.54750004e+01      6.93931061e-03      
9.55249996e+01      6.93931061e-03      
9.55749989e+01      6.93931061e-03      
9.56124983e+01      6.93931061e-03      
9.56374979e+01      6.93931061e-03      
9.56624975e+01      6.93931061e-03      
9.56874971e+01      6.93931061e-03      
9.57499971e+01      6.93931061e-03      
9.58499975e+01      6.93931061e-03      
9.59499979e+01      6.93931061e-03      
9.60499983e+01      7.21562827e-03      
9.61624985e+01      7.21563323e-03      
9.62874985e+01      7.21563323e-03      
9.64124985e+01      7.21563323e-03      
9.65374985e+01      7.21563323e-03      
9.66124983e+01      7.21563323e-03      
9.66374979e+01      7.21563323e-03      
9.66624975e+01      7.21563323e-03      
9.66874971e+01      7.21563323e-03      
9.67499971e+01      7.21563323e-03      
9.68499975e+01      7.21563323e-03      
9.69499979e+01      7.21563323e-03      
9.70499983e+01      1.29566615e-01      
9.71499987e+01      1.29568949e-01      
9.72499990e+01      1.29568949e-01      
9.73499994e+01      1.29568949e-01      
9.74499998e+01      1.29568949e-01      
9.75625000e+01      1.29568949e-01      
9.76875000e+01      1.29568949e-01      
9.78125000e+01      1.29568949e-01      
9.79375000e+01      1.29568949e-01      
9.80625000e+01      1.46948958e-02      
9.81875000e+01      1.46948958e-02      
9.83125000e+01      1.46948958e-02      
9.84375000e+01      1.46948958e-02      
9.85124998e+01      1.46948958e-02      
9.85374994e+01      1.46948958e-02      
9.85624990e+01      1.46948958e-02      
9.85874987e+01      1.46948958e-02      
9.86249990e+01      1.46948958e-02      
9.86750002e+01      1.46948958e-02      
9.87250013e+01      1.46948958e-02      
9.87750025e+01      1.46948958e-02      
9.88375025e+01      1.46948958e-02      
9.89125013e+01      1.46948958e-02      
9.89875002e+01      1.73539722e-02      
9.90624990e+01      2.26721250e-02      
9.91249990e+01      2.26721250e-02      
9.91750002e+01      2.26721250e-02      
9.92250013e+01      2.26721250e-02      
9.92750025e+01      2.26721250e-02      
9.93875029e+01      2.26721250e-02      
9.95625025e+01      2.26721250e-02      
9.97375021e+01      2.26721250e-02      
9.99125017e+01      1.75765544e-02      
1.00300001e+02      9.18406579e-03      
1.00900002e+02      9.66055503e-03      
1.01500002e+02      1.06135228e-02      
1.02100002e+02      6.19949744e-02      
1.02475001e+02      9.77381443e-02      
1.02625001e+02      9.77381443e-02      
1.02775001e+02      9.77381443e-02      
1.02925000e+02      9.77381443e-02      
1.03062500e+02      1.00713857e-01      
1.03187500e+02      1.00862640e-01      
1.03312500e+02      1.00862640e-01      
1.03437500e+02      1.00862640e-01      
1.03625000e+02      1.00862640e-01      
1.03875000e+02      1.00862640e-01      
1.04125000e+02      1.46460756e-02      
1.04375000e+02      1.46460756e-02      
1.04650000e+02      1.46460756e-02      
1.04949999e+02      1.38975079e-02      
1.05249998e+02      1.24003440e-02      
1.05549997e+02      1.24003440e-02      
1.05862497e+02      1.23536340e-02      
1.06187498e+02      1.18047369e-02      
1.06512499e+02      1.18047369e-02      
1.06837500e+02      1.18047369e-02      
1.07125000e+02      1.24768664e-02      
1.07375000e+02      1.25272766e-02      
1.07625000e+02      1.25272766e-02      
1.07875000e+02      1.25272766e-02      
1.08125000e+02      2.10122364e-02      
1.08375000e+02      2.10122364e-02      
1.08625000e+02      2.10122364e-02      
1.08875000e+02      2.10122364e-02      
1.09125000e+02      1.41383450e-02      
1.09375000e+02      1.41383450e-02      
1.09625000e+02      1.41383450e-02      
1.09875000e+02      1.41383450e-02      
1.10125000e+02      1.50756938e-02      
1.10375000e+02      1.50756938e-02      
1.10625000e+02      1.50756938e-02      
1.10875000e+02      1.50756938e-02      
1.11013889e+02      1.46102715e-02      
1.11041667e+02      1.36794346e-02      
1.11069445e+02      1.36794346e-02      
1.11097223e+02      1.36794346e-02      
1.11222223e+02      1.36794346e-02      
1.11444445e+02      1.36794346e-02      
1.11666667e+02      1.36794346e-02      
1.11888889e+02      1.37226335e-02      
1.12125000e+02      1.51049859e-02      
1.12375000e+02      1.51049859e-02      
1.12625000e+02      1.51049859e-02      
1.12875000e+02      1.51049859e-02      
1.13125000e+02      1.16387481e-02      
1.13375000e+02      1.16387481e-02      
1.13625000e+02      1.16387481e-02      
1.13875000e+02      1.16387481e-02      
1.14125000e+02      7.87470663e-03      
1.14375000e+02      7.87470663e-03      
1.14625000e+02      7.87470663e-03      
1.14875000e+02      7.87470663e-03      
1.15087500e+02      1.24474255e-02      
1.15262499e+02      1.29373668e-02      
1.15437498e+02      1.29373668e-02      
1.15612497e+02      1.29373668e-02      
1.15774998e+02      1.29373668e-02      
1.15924999e+02      1.29373668e-02      
1.16075001e+02      1.46265475e-02      
1.16225002e+02      1.46265475e-02      
1.16387503e+02      1.46265475e-02      
1.16562502e+02      1.46265475e-02      
1.16737501e+02      1.46265475e-02      
1.16912500e+02      1.46265475e-02      
1.17075000e+02      6.11190734e-02      
1.17224999e+02      6.30562374e-02      
1.17374999e+02      6.30562374e-02      
1.17524999e+02      6.30562374e-02      
1.17687499e+02      6.30562374e-02      
1.17862500e+02      6.30562374e-02      
1.18037501e+02      2.97744840e-02      
1.18212502e+02      1.64621889e-02      
1.18387503e+02      1.64621889e-02      
1.18562502e+02      1.64621889e-02      
1.18737501e+02      1.64621889e-02      
1.18912500e+02      1.77975913e-02      
1.19100000e+02      5.51864128e-02      
1.19300001e+02      5.51864128e-02      
1.19500002e+02      5.51864128e-02      
1.19700003e+02      5.37766196e-02      
1.19887503e+02      6.00712329e-02      
1.20062502e+02      6.00474329e-02      
1.20237501e+02      5.42115111e-02      
1.20412500e+02      1.59408229e-01      
1.20587500e+02      4.01539413e-01      
1.20762499e+02      2.95838604e-01      
1.20937498e+02      1.07834823e-01      
1.21112497e+02      2.19449141e-01      
1.21299997e+02      5.51359661e+00      
1.21499998e+02      2.27525598e+01      
1.21699999e+02      1.50318717e+01      
1.21900000e+02      1.55115485e+00      
1.22087500e+02      1.48364820e-01      
1.22262499e+02      6.95286391e-02      
1.22437498e+02      4.99864746e-02      
1.22612497e+02      4.21191487e-02      
1.22799997e+02      3.92310547e-02      
1.22999998e+02      3.42291532e-02      
1.23199999e+02      3.03564444e-02      
1.23400000e+02      2.92537274e-02      
1.23587500e+02      3.34973901e-02      
1.23762499e+02      6.01714742e-02      
1.23937498e+02      6.42225121e-02      
1.24112497e+02      4.81052060e-02      
1.24299997e+02      4.56984262e-02      
1.24499998e+02      2.77178380e-02      
1.24699999e+02      2.27087423e-02      
1.24900000e+02      2.26562578e-02      
1.25100000e+02      2.34520332e-02      
1.25300001e+02      2.79178924e-02      
1.25500002e+02      3.00866929e-02      
1.25700003e+02      3.30856150e-02      
1.25900002e+02      5.12871066e-02      
1.26100001e+02      4.89116544e-02      
1.26300000e+02      4.84528793e-02      
1.26499999e+02      7.82540332e-02      
1.26699999e+02      4.00328124e-02      
1.26900000e+02      1.82160695e-02      
1.27100000e+02      1.70773237e-02      
1.27300001e+02      1.93999785e-02      
1.27500001e+02      2.78117051e-02      
1.27700000e+02      3.08190074e-02      
1.27899999e+02      2.86538521e-02      
1.28099998e+02      2.21803617e-02      
1.28299997e+02      1.53247185e-02      
1.28499998e+02      1.46375153e-02      
1.28699999e+02      2.12196652e-02      
1.28900000e+02      2.62377862e-02      
1.29112499e+02      1.90134251e-02      
1.29337498e+02      1.90463303e-02      
1.29562496e+02      2.61068481e-02      
1.29787495e+02      3.00395099e-02      
1.29999994e+02      8.17170219e-02      
1.30199995e+02      1.91983566e-01      
1.30399996e+02      2.79237503e-01      
1.30599997e+02      2.70720949e-01      
1.30812498e+02      9.19461198e-02      
1.31037500e+02      4.68120783e-02      
1.31262503e+02      2.87680104e-02      
1.31487505e+02      2.50884111e-02      
1.31700005e+02      3.05955611e-02      
1.31900002e+02      2.80935644e-02      
1.32099998e+02      1.99882427e-02      
1.32299995e+02      2.12977056e-02      
1.32512495e+02      2.15632322e-02      
1.32737497e+02      2.62597458e-02      
1.32962500e+02      3.15194328e-02      
1.33187502e+02      9.20962212e-02      
1.33412502e+02      5.15208716e-01      
1.33637501e+02      4.03405698e-01      
1.33862499e+02      4.68763013e-02      
1.34087498e+02      2.05348764e-02      
1.34312498e+02      2.09948787e-02      
1.34537500e+02      2.12899716e-02      
1.34762503e+02      2.28826706e-02      
1.34987505e+02      3.42840747e-02      
1.35212505e+02      4.16740198e-02      
1.35437504e+02      5.14113232e-02      
1.35662502e+02      5.71239098e-02      
1.35887501e+02      4.43741426e-02      
1.36125000e+02      3.36053494e-02      
1.36375000e+02      3.12137163e-02      
1.36625000e+02      2.87668452e-02      
1.36875000e+02      3.27736554e-02      
1.37112499e+02      3.71735878e-02      
1.37337498e+02      3.32824556e-02      
1.37562496e+02      2.92965124e-02      
1.37787495e+02      3.09896833e-02      
1.38024994e+02      3.46495778e-02      
1.38274994e+02      3.27584644e-02      
1.38524994e+02      3.24488050e-02      
1.38774994e+02      3.49301773e-02      
1.39137495e+02      1.16977435e-01      
1.39612497e+02      1.02725600e-01      
1.40087500e+02      1.01847648e-01      
1.40562502e+02      7.35896480e-02      
1.41050003e+02      4.93068648e-02      
1.41550003e+02      4.89984384e-02      
1.42050003e+02      4.91625177e-02      
1.42550003e+02      6.02221559e-02      
1.42807146e+02      5.12067012e-02      
1.42821433e+02      4.94938974e-02      
1.42835719e+02      4.93182185e-02      
1.42850006e+02      5.07259379e-02      
1.43112505e+02      6.31148654e-02      
1.43623216e+02      5.95252922e-02      
1.44133927e+02      5.67086327e-02      
1.44644638e+02      5.97360708e-02      
1.45162495e+02      5.99450611e-02      
1.45687496e+02      6.47384302e-02      
1.46212498e+02      7.04434023e-02      
1.46737499e+02      8.35810461e-02      
1.47275000e+02      1.10523319e-01      
1.47824999e+02      8.24409514e-02      
1.48374998e+02      1.00544445e-01      
1.48924997e+02      8.70069354e-02      
1.49487497e+02      8.69676537e-02      
1.50062498e+02      9.41147967e-02      
1.50637499e+02      9.57135816e-02      
1.51212500e+02      1.04063547e-01      
1.51787500e+02      1.01057926e-01      
1.52362501e+02      1.27280918e-01      
1.52937502e+02      1.43811772e-01      
1.53512503e+02      1.57954849e-01      
1.54100002e+02      1.34974131e-01      
1.54700001e+02      3.37498997e-01      
1.55299999e+02      2.22185245e-01      
1.55899998e+02      2.39069937e-01      
1.56512497e+02      1.81337460e-01      
1.57137497e+02      2.00752590e-01      
1.57762497e+02      1.81951360e-01      
1.58387497e+02      1.77744314e-01      
1.59024998e+02      1.89589421e-01      
1.59674999e+02      1.81509968e-01      
1.60325001e+02      2.01274625e-01      
1.60975002e+02      2.35479044e-01      
1.61625002e+02      2.35764165e-01      
1.62275000e+02      2.73641270e-01      
1.62924997e+02      2.83420241e-01      
1.63574995e+02      3.13965299e-01      
1.64245829e+02      3.63923420e-01      
1.64937498e+02      2.95870729e-01      
1.65629167e+02      6.25765514e-01      
1.66320837e+02      3.86221521e-01      
1.66670837e+02      3.63204453e-01      
1.66679169e+02      3.60391100e-01      
1.66687500e+02      3.60391100e-01      
1.66695831e+02      3.73233291e-01      
1.67049997e+02      4.53641571e-01      
1.67749998e+02      4.07941993e-01      
1.68449999e+02      4.68548716e-01      
1.69150000e+02      5.70861591e-01      
1.69862499e+02      6.85454829e-01      
1.70587498e+02      7.17721562e-01      
1.71312496e+02      7.15304158e-01      
1.72037495e+02      7.78141325e-01      
1.72587494e+02      7.99854501e-01      
1.72962494e+02      7.38202535e-01      
1.73337494e+02      7.64693309e-01      
1.73712494e+02      8.14346999e-01      
1.74087494e+02      9.04279346e-01      
1.74462494e+02      9.77609413e-01      
1.74837494e+02      9.54083521e-01      
1.75212494e+02      1.09248292e+00      
1.75599995e+02      1.18941552e+00      
1.75999996e+02      1.24247504e+00      
1.76399998e+02      1.18224383e+00      
1.76799999e+02      1.32925292e+00      
1.77200001e+02      1.56944897e+00      
1.77600002e+02      1.40718267e+00      
1.78000004e+02      1.60551616e+00      
1.78400005e+02      1.63151246e+00      
1.78800005e+02      1.71810811e+00      
1.79200003e+02      1.68527347e+00      
1.79600000e+02      1.59221155e+00      
1.79999998e+02      1.77070994e+00      
1.80399998e+02      1.89184502e+00      
1.80799999e+02      2.29821233e+00      
1.81200001e+02      1.92217520e+00      
1.81600002e+02      2.91984853e+00      
1.82012503e+02      2.46350757e+00      
1.82437502e+02      2.42843385e+00      
1.82862501e+02      2.25808039e+00      
1.83287500e+02      2.45037479e+00      
1.83712500e+02      2.51964193e+00      
1.84137499e+02      2.24952276e+00      
1.84562498e+02      2.12603733e+00      
1.84987497e+02      2.03965224e+00      
1.85412497e+02      2.50567865e+00      
1.85837496e+02      2.60154780e+00      
1.86262495e+02      2.66518233e+00      
1.86687494e+02      2.93393364e+00      
1.87124994e+02      3.32981616e+00      
1.87574995e+02      3.23249871e+00      
1.88024996e+02      3.11473120e+00      
1.88474997e+02      3.52042588e+00      
1.88924997e+02      3.73908611e+00      
1.89374998e+02      4.01991432e+00      
1.89824999e+02      3.63998475e+00      
1.90275000e+02      3.87779212e+00      
1.90725000e+02      4.16518136e+00      
1.91175001e+02      4.19165288e+00      
1.91625002e+02      4.51023217e+00      
1.92075003e+02      4.74201271e+00      
1.92537502e+02      4.59321695e+00      
1.93012501e+02      3.88228692e+00      
1.93487499e+02      3.23066712e+00      
1.93962498e+02      4.74573012e+00      
1.94437498e+02      5.90283088e+00      
1.94912500e+02      5.96696340e+00      
1.95387503e+02      5.66181543e+00      
1.95862505e+02      5.91254275e+00      
1.96337505e+02      6.04904572e+00      
1.96812504e+02      7.05056906e+00      
1.97287502e+02      6.58980731e+00      
1.97762501e+02      6.38846588e+00      
1.98250000e+02      6.76113544e+00      
1.98750000e+02      6.23551786e+00      
1.99250000e+02      6.98715445e+00      
1.99750000e+02      7.07639794e+00      
2.00000000e+02      7.23086528e+00      
2.00000001e+02      7.24687819e+00      
2.00000002e+02      7.24687819e+00      
2.00000003e+02      7.27383031e+00      
2.00250003e+02      7.57833687e+00      
2.00750002e+02      7.85537532e+00      
2.01250001e+02      8.22797057e+00      
2.01750000e+02      8.59459488e+00      
2.02262501e+02      8.57089444e+00      
2.02787502e+02      8.61859316e+00      
2.03312504e+02      9.42621533e+00      
2.03837505e+02      9.73448581e+00      
2.04362505e+02      1.06686735e+01      
2.04887503e+02      1.09503356e+01      
2.05412500e+02      1.10593216e+01      
2.05937498e+02      1.10079907e+01      
2.06462498e+02      1.13337345e+01      
2.06987499e+02      1.22187315e+01      
2.07512501e+02      1.33030550e+01      
2.08037502e+02      1.38608869e+01      
2.08575003e+02      1.56169081e+01      
2.09125002e+02      1.91284055e+01      
2.09675001e+02      2.33047542e+01      
2.10225000e+02      2.67942731e+01      
2.10787500e+02      3.00261042e+01      
2.11362501e+02      3.31557647e+01      
2.11937502e+02      3.89908059e+01      
2.12512503e+02      2.96884085e+01      
2.13087503e+02      3.16419232e+01      
2.13662504e+02      3.34579679e+01      
2.14237505e+02      4.22429589e+01      
2.14812506e+02      4.01968940e+01      
2.15387505e+02      3.88993354e+01      
2.15962502e+02      3.36526446e+01      
2.16537498e+02      3.29036766e+01      
2.17112495e+02      3.32779944e+01      
2.17724995e+02      3.65073251e+01      
2.18374996e+02      4.83394206e+01      
2.19024998e+02      4.43815714e+01      
2.19674999e+02      5.03193860e+01      
2.20275000e+02      5.17313801e+01      
2.20824999e+02      4.36336275e+01      
2.21374998e+02      3.89006710e+01      
2.21924997e+02      4.27866899e+01      
2.22512497e+02      5.02808849e+01      
2.23137497e+02      5.94357422e+01      
2.23762497e+02      6.74338086e+01      
2.24387497e+02      5.89314574e+01      
2.25024998e+02      5.85016577e+01      
2.25674999e+02      5.12241718e+01      
2.26325001e+02      4.20904779e+01      
2.26975002e+02      3.41052304e+01      
2.27625002e+02      4.06108102e+01      
2.28275000e+02      5.35193877e+01      
2.28924997e+02      4.96626895e+01      
2.29574995e+02      4.82888973e+01      
2.30237495e+02      4.86222191e+01      
2.30912498e+02      5.50086944e+01      
2.31587502e+02      5.10656020e+01      
2.32262505e+02      5.48969530e+01      
2.32937506e+02      4.88997983e+01      
2.33612505e+02      4.38852118e+01      
2.34287504e+02      3.82071183e+01      
2.34962503e+02      4.31110411e+01      
2.35587884e+02      5.54158101e+01      
2.36163647e+02      4.83700024e+01      
2.36739410e+02      4.73989492e+01      
2.37315172e+02      5.25572998e+01      
2.37665173e+02      4.93974511e+01      
2.37789411e+02      5.40172749e+01      
2.37913649e+02      4.68121682e+01      
2.38037887e+02      3.89564109e+01      
2.38462505e+02      4.10251256e+01      
2.39187504e+02      4.65700919e+01      
2.39912502e+02      4.10092014e+01      
2.40637501e+02      3.94801191e+01      
2.41362499e+02      4.54269815e+01      
2.42087498e+02      6.73847216e+01      
2.42812496e+02      7.14268407e+01      
2.43537495e+02      6.58775129e+01      
2.44274994e+02      6.53029074e+01      
2.45024994e+02      5.37495716e+01      
2.45774994e+02      4.99066750e+01      
2.46524994e+02      4.93122871e+01      
2.47287495e+02      5.58307446e+01      
2.48062496e+02      5.06444507e+01      
2.48837498e+02      4.31461929e+01      
2.49612499e+02      5.98723149e+01      
2.50400000e+02      6.04157067e+01      
2.51199999e+02      5.19781456e+01      
2.51999998e+02      4.14547499e+01      
2.52799997e+02      4.26079546e+01      
2.53599997e+02      5.28752456e+01      
2.54399996e+02      5.84455675e+01      
2.55199995e+02      7.18423928e+01      
2.55999994e+02      8.72605772e+01      
2.56812496e+02      1.13283144e+02      
2.57637501e+02      1.23547719e+02      
2.58462505e+02      1.26059487e+02      
2.59287510e+02      1.18772261e+02      
2.60137512e+02      8.94861389e+01      
2.61012512e+02      8.09719792e+01      
2.61887512e+02      1.00515674e+02      
2.62762512e+02      1.03716510e+02      
2.63637512e+02      1.79944713e+02      
2.64512512e+02      2.52566285e+02      
2.65387512e+02      2.52274880e+02      
2.66262512e+02      2.56205841e+02      
2.67150009e+02      2.50930186e+02      
2.68050003e+02      2.52719695e+02      
2.68949997e+02      2.42722927e+02      
2.69849991e+02      2.52367000e+02      
2.70762489e+02      2.69065093e+02      
2.71687492e+02      2.14468753e+02      
2.72612495e+02      2.05431779e+02      
2.73537498e+02      2.08592161e+02      
2.74125601e+02      1.49570523e+02      
2.74376802e+02      1.26904842e+02      
2.74628003e+02      1.36297196e+02      
2.74879204e+02      1.30374284e+02      
2.75354202e+02      1.71684987e+02      
2.76052998e+02      2.25306621e+02      
2.76751794e+02      2.55187216e+02      
2.77450590e+02      2.46786009e+02      
2.78287491e+02      1.74742022e+02      
2.79262497e+02      1.04784958e+02      
2.80237503e+02      8.26665627e+01      
2.81212509e+02      1.74337213e+02      
2.82113240e+02      2.73191759e+02      
2.82939697e+02      3.17025204e+02      
2.83766153e+02      3.13516957e+02      
2.84592609e+02      2.51060177e+02      
2.85092609e+02      1.51511618e+02      
2.85266153e+02      1.11907927e+02      
2.85439697e+02      1.23878243e+02      
2.85613240e+02      1.84647885e+02      
2.86225010e+02      3.13220792e+02      
2.87275005e+02      3.55700429e+02      
2.88325001e+02      3.10892545e+02      
2.89374996e+02      4.49644258e+02      
2.90424995e+02      6.04825589e+02      
2.91474998e+02      5.84795826e+02      
2.92525002e+02      5.18711638e+02      
2.93575005e+02      5.42131360e+02      
2.94650005e+02      5.11699387e+02      
2.95750004e+02      5.66925547e+02      
2.96850002e+02      4.72372013e+02      
2.97950001e+02      5.19244649e+02      
2.99062500e+02      4.79155327e+02      
3.00187500e+02      4.40240549e+02      
3.01312500e+02      4.66994915e+02      
3.02437500e+02      4.76641776e+02      
3.03513304e+02      6.29397062e+02      
3.04539913e+02      6.05385147e+02      
3.05566522e+02      5.95613359e+02      
3.06593131e+02      5.67806274e+02      
3.07180632e+02      6.25113851e+02      
3.07329027e+02      6.31897343e+02      
3.07477421e+02      6.40832899e+02      
3.07625815e+02      6.27420691e+02      
3.08300011e+02      6.33852845e+02      
3.09500008e+02      5.12709070e+02      
3.10700005e+02      6.77850376e+02      
3.11900002e+02      6.98110346e+02      
3.13125000e+02      6.88471453e+02      
3.14375000e+02      6.84914194e+02      
3.15625000e+02      6.23959064e+02      
3.16875000e+02      7.23254496e+02      
3.18125000e+02      6.94916839e+02      
3.19375000e+02      7.12687020e+02      
3.20625000e+02      7.93504495e+02      
3.21875000e+02      7.08923643e+02      
3.23125000e+02      6.51873898e+02      
3.24375000e+02      7.62039686e+02      
3.25625000e+02      9.09783868e+02      
3.26875000e+02      9.80417450e+02      
3.27713409e+02      9.59380939e+02      
3.28140227e+02      9.24464423e+02      
3.28567045e+02      9.22034735e+02      
3.28993862e+02      9.87621873e+02      
3.29618862e+02      1.09956248e+03      
3.30442045e+02      1.02877683e+03      
3.31265227e+02      9.75103365e+02      
3.32088409e+02      9.71884535e+02      
3.33125000e+02      9.44656160e+02      
3.34375000e+02      9.63231694e+02      
3.35625000e+02      9.25693216e+02      
3.36875000e+02      8.16761728e+02      
3.37962972e+02      9.04374661e+02      
3.38888917e+02      9.59704473e+02      
3.39814862e+02      1.01185604e+03      
3.40740807e+02      9.94731094e+02      
3.41365807e+02      9.29858503e+02      
3.41689862e+02      9.13812243e+02      
3.42013917e+02      1.01379661e+03      
3.42337972e+02      9.89651362e+02      
3.42812500e+02      1.02823329e+03      
3.43437500e+02      1.00602643e+03      
3.44062500e+02      8.07983293e+02      
3.44687500e+02      8.85961962e+02      
3.46250000e+02      9.45686954e+02      
3.48750000e+02      9.06708895e+02      
3.51250000e+02      1.01729797e+03      
3.53750000e+02      1.05218614e+03      
3.56250000e+02      9.65450652e+02      
3.58750000e+02      8.63472001e+02      
3.61250000e+02      9.52421211e+02      
3.63750000e+02      1.03786954e+03      
3.66250000e+02      1.21687544e+03      
3.68750000e+02      1.18577752e+03      
3.71250000e+02      1.15703522e+03      
3.73750000e+02      9.69475941e+02      
3.76250000e+02      1.10959868e+03      
3.78750000e+02      1.23853913e+03      
3.81250000e+02      1.09581859e+03      
3.83750000e+02      7.83506557e+02      
3.85625050e+02      1.00784848e+03      
3.86875151e+02      1.02072160e+03      
3.88125252e+02      1.00720776e+03      
3.89375353e+02      1.12998035e+03      
3.90625353e+02      1.23959737e+03      
3.91875252e+02      1.22767166e+03      
3.93125151e+02      7.21194054e+02      
3.94375050e+02      1.01311016e+03      
3.96250000e+02      9.60918836e+02      
3.98750000e+02      1.45243794e+03      
4.01250000e+02      1.70716278e+03      
4.03750000e+02      1.68886553e+03      
4.06250000e+02      1.62965965e+03      
4.08750000e+02      1.67241686e+03      
4.11250000e+02      1.68007185e+03      
4.13750000e+02      1.73614959e+03      
4.16250000e+02      1.74607074e+03      
4.18750000e+02      1.70467208e+03      
4.21250000e+02      1.75008562e+03      
4.23750000e+02      1.68869386e+03      
4.26250000e+02      1.67967574e+03      
4.28750000e+02      1.58316126e+03      
4.31250000e+02      1.44279224e+03      
4.33750000e+02      1.61402670e+03      
4.36250000e+02      1.77383478e+03      
4.38750000e+02      1.72679212e+03      
4.41250000e+02      1.86084632e+03      
4.43750000e+02      1.92899350e+03      
4.45625561e+02      1.85392864e+03      
4.46876683e+02      1.93260663e+03      
4.48127805e+02      1.99524857e+03      
4.49378927e+02      1.99714578e+03      
4.50628927e+02      2.11329249e+03      
4.51877805e+02      2.08149996e+03      
4.53126683e+02      1.88603793e+03      
4.54375561e+02      2.03705655e+03      
4.56250000e+02      2.06083355e+03      
4.58750000e+02      2.03887381e+03      
4.61250000e+02      2.05515445e+03      
4.63750000e+02      2.04828780e+03      
4.66250000e+02      1.98736564e+03      
4.68750000e+02      2.00739114e+03      
4.71250000e+02      1.97687930e+03      
4.73750000e+02      2.04098480e+03      
4.76250000e+02      2.03272718e+03      
4.78750000e+02      2.06576898e+03      
4.81250000e+02      2.06674594e+03      
4.83750000e+02      2.01814767e+03      
4.86250000e+02      1.75325332e+03      
4.88750000e+02      1.93255189e+03      
4.91250000e+02      1.94251933e+03      
4.93750000e+02      1.95949461e+03      
4.96250000e+02      1.97944916e+03      
4.98750000e+02      1.93140786e+03      
5.01250000e+02      1.82783667e+03      
5.03750000e+02      1.89937341e+03      
5.06250000e+02      1.93769523e+03      
5.08750000e+02      1.84087124e+03      
5.11250000e+02      1.91075726e+03      
5.13750000e+02      1.80863529e+03      
5.16250000e+02      1.71926040e+03      
5.18750000e+02      1.72281778e+03      
5.21250000e+02      1.84206723e+03      
5.23750000e+02      1.81960565e+03      
5.26250000e+02      1.77146523e+03      
5.28750000e+02      1.85903123e+03      
5.31250000e+02      1.89085934e+03      
5.33750000e+02      1.79679015e+03      
5.35626888e+02      1.88941310e+03      
5.36880663e+02      1.83092454e+03      
5.38134438e+02      1.86662394e+03      
5.39388214e+02      1.83179851e+03      
5.40638214e+02      1.75368296e+03      
5.41884438e+02      1.83615137e+03      
5.43130663e+02      1.80576330e+03      
5.44376888e+02      1.86093133e+03      
5.45563869e+02      1.86845536e+03      
5.46691608e+02      1.87370900e+03      
5.47819347e+02      1.82914564e+03      
5.48947086e+02      1.84990301e+03      
5.50197086e+02      1.86351512e+03      
5.51569347e+02      1.84789006e+03      
5.52941608e+02      1.82614505e+03      
5.54313869e+02      1.87238726e+03      
5.56250000e+02      1.83039996e+03      
5.58750000e+02      1.77149713e+03      
5.61250000e+02      1.78691085e+03      
5.63750000e+02      1.82479375e+03      
5.65200540e+02      1.80292416e+03      
5.65601619e+02      1.77160099e+03      
5.66002698e+02      1.69118437e+03      
5.66403777e+02      1.76796175e+03      
5.67653777e+02      1.80202612e+03      
5.69752698e+02      1.77271361e+03      
5.71851619e+02      1.77696106e+03      
5.73950540e+02      1.82968207e+03      
5.76250000e+02      1.78872124e+03      
5.78750000e+02      1.77416635e+03      
5.81250000e+02      1.79589712e+03      
5.83750000e+02      1.80587108e+03      
5.86250000e+02      1.75945424e+03      
5.88750000e+02      1.67465530e+03      
5.91250000e+02      1.75586060e+03      
5.93750000e+02      1.74792974e+03      
5.96250000e+02      1.73925273e+03      
5.98750000e+02      1.72273917e+03      
6.01250000e+02      1.69279153e+03      
6.03750000e+02      1.71543230e+03      
6.05004234e+02      1.72816604e+03      
6.05012703e+02      1.73123739e+03      
6.05021172e+02      1.73158599e+03      
6.05029640e+02      1.72189611e+03      
6.06279640e+02      1.71940330e+03      
6.08771172e+02      1.70493740e+03      
6.11262703e+02      1.68753087e+03      
6.13754234e+02      1.65552676e+03      
6.16250000e+02      1.62712603e+03      
6.18750000e+02      1.66289020e+03      
6.21250000e+02      1.66219162e+03      
6.23750000e+02      1.61755902e+03      
6.26250000e+02      1.62876232e+03      
6.28750000e+02      1.65013449e+03      
6.31250000e+02      1.60850601e+03      
6.33750000e+02      1.61471363e+03      
6.36250000e+02      1.60773198e+03      
6.38750000e+02      1.60957100e+03      
6.41250000e+02      1.57199675e+03      
6.43750000e+02      1.59055969e+03      
6.46250000e+02      1.56719222e+03      
6.48750000e+02      1.55420356e+03      
6.51250000e+02      1.56749712e+03      
6.53750000e+02      1.54546082e+03      
6.56250000e+02      1.37101553e+03      
6.58750000e+02      1.50224192e+03      
6.61250000e+02      1.52911205e+03      
6.63750000e+02      1.50046052e+03      
6.65208336e+02      1.50064520e+03      
6.65625007e+02      1.50901402e+03      
6.66041679e+02      1.50271606e+03      
6.66458351e+02      1.47197052e+03      
6.67708351e+02      1.50173678e+03      
6.69791679e+02      1.51266673e+03      
6.71875007e+02      1.50734268e+03      
6.73958336e+02      1.50940849e+03      
6.76250000e+02      1.49264255e+03      
6.78750000e+02      1.47468095e+03      
6.81250000e+02      1.46325236e+03      
6.83750000e+02      1.45563787e+03      
6.85760623e+02      1.46349507e+03      
6.87281868e+02      1.47678165e+03      
6.88803113e+02      1.45703076e+03      
6.90324358e+02      1.44662835e+03      
6.91574358e+02      1.42890752e+03      
6.92553113e+02      1.42609582e+03      
6.93531868e+02      1.42787891e+03      
6.94510623e+02      1.43054576e+03      
6.96250000e+02      1.44307300e+03      
6.98750000e+02      1.42891842e+03      
7.01250000e+02      1.40818433e+03      
7.03750000e+02      1.42008763e+03      
7.06250000e+02      1.41074571e+03      
7.08750000e+02      1.39552700e+03      
7.11250000e+02      1.37769873e+03      
7.13750000e+02      1.35848772e+03      
7.16250000e+02      1.34716241e+03      
7.18750000e+02      1.33084294e+03      
7.21250000e+02      1.33300075e+03      
7.23750000e+02      1.33085399e+03      
7.26250000e+02      1.32309722e+03      
7.28750000e+02      1.29556733e+03      
7.31250000e+02      1.30607754e+03      
7.33750000e+02      1.30487445e+03      
7.36250000e+02      1.29225181e+03      
7.38750000e+02      1.26930619e+03      
7.41250000e+02      1.25542008e+03      
7.43750000e+02      1.27104509e+03      
7.45859962e+02      1.26880582e+03      
7.47579885e+02      1.27340346e+03      
7.49299808e+02      1.25395771e+03      
7.51019731e+02      1.24979278e+03      
7.52269731e+02      1.24951550e+03      
7.53049808e+02      1.25268924e+03      
7.53829885e+02      1.25885914e+03      
7.54609962e+02      1.25278446e+03      
7.56250000e+02      1.24726680e+03      
7.58750000e+02      1.23549788e+03      
7.61250000e+02      1.21376215e+03      
7.63750000e+02      1.22447986e+03      
7.66250000e+02      1.18366957e+03      
7.68750000e+02      1.19960324e+03      
7.71250000e+02      1.18623654e+03      
7.73750000e+02      1.18420651e+03      
7.75857604e+02      1.16900165e+03      
7.77572811e+02      1.16425336e+03      
7.79288018e+02      1.16059993e+03      
7.81003225e+02      1.15633211e+03      
7.82253225e+02      1.16651717e+03      
7.83038018e+02      1.14862721e+03      
7.83822811e+02      1.13728780e+03      
7.84607604e+02      1.15190159e+03      
7.86250000e+02      1.14106922e+03      
7.88750000e+02      1.14677889e+03      
7.91250000e+02      1.13427061e+03      
7.93750000e+02      1.10203037e+03      
7.96250000e+02      1.12568481e+03      
7.98750000e+02      1.11628940e+03      
8.01250000e+02      1.11056588e+03      
8.03750000e+02      1.10215489e+03      
8.06250000e+02      1.10077968e+03      
8.08750000e+02      1.08957387e+03      
8.11250000e+02      1.09735095e+03      
8.13750000e+02      1.09894041e+03      
8.16250000e+02      1.08733383e+03      
8.18750000e+02      1.05793668e+03      
8.21250000e+02      1.04795368e+03      
8.23750000e+02      1.06033059e+03      
8.26250000e+02      1.05971024e+03      
8.28750000e+02      1.04939549e+03      
8.31250000e+02      1.04476413e+03      
8.33750000e+02      1.01155050e+03      
8.35932497e+02      1.03279609e+03      
8.37797491e+02      1.02302522e+03      
8.39662485e+02      1.01741495e+03      
8.41527480e+02      1.01985086e+03      
8.42777480e+02      9.97676127e+02      
8.43412485e+02      9.91317230e+02      
8.44047491e+02      9.84792251e+02      
8.44682497e+02      1.01379702e+03      
8.46250000e+02      1.00416845e+03      
8.48750000e+02      9.70079646e+02      
8.51250000e+02      9.45472433e+02      
8.53750000e+02      8.43349124e+02      
8.56250000e+02      9.58862491e+02      
8.58750000e+02      9.64757581e+02      
8.61250000e+02      9.70383120e+02      
8.63750000e+02      9.83424601e+02      
8.66250000e+02      8.92515023e+02      
8.68750000e+02      9.61864902e+02      
8.71250000e+02      9.80814713e+02      
8.73750000e+02      9.61989326e+02      
8.76250000e+02      9.42002179e+02      
8.78750000e+02      9.47107720e+02      
8.81250000e+02      9.23636317e+02      
8.83750000e+02      9.27539994e+02      
8.85783196e+02      9.18430558e+02      
8.87349589e+02      9.03945233e+02      
8.88915982e+02      9.22882207e+02      
8.90482375e+02      9.25872941e+02      
8.91732375e+02      9.14077847e+02      
8.92665982e+02      8.91877789e+02      
8.93599589e+02      9.08658989e+02      
8.94533196e+02      8.90619471e+02      
8.96250000e+02      9.05810112e+02      
8.98750000e+02      8.97594055e+02      
9.01250000e+02      8.54878313e+02      
9.03750000e+02      8.91928956e+02      
9.06250000e+02      8.82218477e+02      
9.08750000e+02      8.57806019e+02      
9.11250000e+02      8.60619622e+02      
9.13750000e+02      8.73626323e+02      
9.16250000e+02      8.62195754e+02      
9.18750000e+02      8.58446941e+02      
9.21250000e+02      8.35320673e+02      
9.23750000e+02      8.16914759e+02      
9.26250000e+02      8.28120650e+02      
9.28750000e+02      8.40081975e+02      
9.31250000e+02      8.37373107e+02      
9.33750000e+02      8.35681153e+02      
9.36250000e+02      8.23617640e+02      
9.38750000e+02      8.23289125e+02      
9.41250000e+02      7.92035715e+02      
9.43750000e+02      8.03374257e+02      
9.46250000e+02      8.07421227e+02      
9.48750000e+02      8.09098423e+02      
9.51250000e+02      8.00119592e+02      
9.53750000e+02      7.82763826e+02      
9.55817304e+02      7.69499224e+02      
9.57451913e+02      7.83134506e+02      
9.59086521e+02      7.90986924e+02      
9.60721130e+02      7.77427081e+02      
9.61971130e+02      7.84021917e+02      
9.62836521e+02      7.70530512e+02      
9.63701913e+02      7.70494743e+02      
9.64567304e+02      7.74013719e+02      
9.66250000e+02      7.65739057e+02      
9.68750000e+02      7.67462460e+02      
9.71250000e+02      7.65766619e+02      
9.73750000e+02      7.54357818e+02      
9.76250000e+02      7.54476958e+02      
9.78750000e+02      7.49784577e+02      
9.81250000e+02      7.50487602e+02      
9.83750000e+02      7.44553445e+02      
9.86250000e+02      7.40118117e+02      
9.88750000e+02      7.32823085e+02      
9.91250000e+02      7.31106790e+02      
9.93750000e+02      7.31436903e+02      
9.96250000e+02      7.27489486e+02      
9.98750000e+02      7.23050017e+02      
1.00125000e+03      7.21163388e+02      
1.00375000e+03      7.03255929e+02      
1.00625000e+03      6.87991874e+02      
1.00875000e+03      7.07859124e+02      
1.01125000e+03      7.04368578e+02      
1.01375000e+03      6.98086021e+02      
1.01625000e+03      6.91556424e+02      
1.01875000e+03      6.84698423e+02      
1.02125000e+03      6.82794271e+02      
1.02375000e+03      6.87186659e+02      
1.02625000e+03      6.84002349e+02      
1.02875000e+03      6.78404132e+02      
1.03125000e+03      6.75099228e+02      
1.03375000e+03      6.63272952e+02      
1.03515868e+03      6.58977195e+02      
1.03547603e+03      6.67308163e+02      
1.03579339e+03      6.68573488e+02      
1.03611075e+03      6.69121477e+02      
1.03736075e+03      6.57322291e+02      
1.03954339e+03      6.59989859e+02      
1.04172603e+03      6.58590647e+02      
1.04390868e+03      6.56117638e+02      
1.04625000e+03      6.44615185e+02      
1.04875000e+03      6.51399051e+02      
1.05125000e+03      6.47149961e+02      
1.05375000e+03      6.43331146e+02      
1.05625000e+03      6.44020870e+02      
1.05875000e+03      6.30907120e+02      
1.06125000e+03      6.29697917e+02      
1.06375000e+03      6.30579054e+02      
1.06556484e+03      6.31372068e+02      
1.06669451e+03      6.18008637e+02      
1.06782418e+03      6.26980092e+02      
1.06895385e+03      5.94421213e+02      
1.07020385e+03      6.16121163e+02      
1.07157418e+03      6.20879074e+02      
1.07294451e+03      6.08631116e+02      
1.07431484e+03      6.14518051e+02      
1.07625000e+03      6.14942216e+02      
1.07875000e+03      6.09723820e+02      
1.08125000e+03      6.02061944e+02      
1.08375000e+03      5.98189431e+02      
1.08687500e+03      5.95370098e+02      
1.09062500e+03      5.96794431e+02      
1.09437500e+03      5.69573022e+02      
1.09812500e+03      5.77663581e+02      
1.10374294e+03      5.76875456e+02      
1.11122881e+03      5.71448168e+02      
1.11871468e+03      5.62151790e+02      
1.12620055e+03      5.49656137e+02      
1.13903128e+03      5.36347851e+02      
1.15720685e+03      5.21373576e+02      
1.17538242e+03      5.03781153e+02      
1.19355799e+03      4.85980439e+02      
1.21571375e+03      4.69678706e+02      
1.24184971e+03      4.49873429e+02      
1.26798566e+03      4.32240639e+02      
1.29412161e+03      4.10861747e+02      
1.32261778e+03      3.93656743e+02      
1.35347418e+03      3.75521432e+02      
1.38433059e+03      3.58053986e+02      
1.41518699e+03      3.39222069e+02      
1.44740644e+03      3.23286113e+02      
1.48098895e+03      3.05935700e+02      
1.51457146e+03      2.88556176e+02      
1.54815397e+03      2.73837574e+02      
1.58029753e+03      2.56979755e+02      
1.61100215e+03      2.44921532e+02      
1.64170676e+03      2.31136291e+02      
1.67241138e+03      2.17455600e+02      
1.70956790e+03      2.04813008e+02      
1.75317633e+03      1.87270489e+02      
1.79678476e+03      1.72853337e+02      
1.84039319e+03      1.60140483e+02      
1.88194796e+03      1.46649310e+02      
1.92144910e+03      1.37939675e+02      
1.96095023e+03      1.26938946e+02      
2.00045136e+03      1.18907294e+02      
2.04300708e+03      1.10115931e+02      
2.08861738e+03      1.02138184e+02      
2.13422769e+03      9.47686640e+01      
2.17983800e+03      8.66804194e+01      
2.23748645e+03      7.88415867e+01      
2.30717304e+03      7.01272099e+01      
2.37685964e+03      6.20963182e+01      
2.44654623e+03      5.61703897e+01      
2.50366265e+03      5.18871754e+01      
2.54820889e+03      4.86522119e+01      
2.59275514e+03      4.58259506e+01      
2.63730139e+03      4.30724446e+01      
2.69209120e+03      4.01174060e+01      
2.75712457e+03      3.70540749e+01      
2.82215795e+03      3.41505667e+01      
2.88719133e+03      3.14641397e+01      
2.95966840e+03      2.88434960e+01      
3.03958917e+03      2.63146438e+01      
3.11950994e+03      2.40033553e+01      
3.19943070e+03      2.19274221e+01      
3.28153443e+03      2.00330362e+01      
3.36582112e+03      1.83001908e+01      
3.45010781e+03      1.67489289e+01      
3.53439450e+03      1.53091165e+01      
3.63067350e+03      1.38908832e+01      
3.73894480e+03      1.25278630e+01      
3.84721610e+03      1.12933400e+01      
3.95548740e+03      1.02838851e+01      
4.02990538e+03      9.60216775e+00      
4.07047004e+03      9.18159049e+00      
4.11103469e+03      8.85925456e+00      
4.15159935e+03      8.49388159e+00      
4.21857828e+03      8.01193549e+00      
4.31197149e+03      7.43398717e+00      
4.40536469e+03      6.87022106e+00      
4.49875790e+03      6.36344310e+00      
4.58702880e+03      5.92194657e+00      
4.67017740e+03      5.53445265e+00      
4.75332600e+03      5.18469469e+00      
4.83647460e+03      4.86812886e+00      
4.90931845e+03      4.60663825e+00      
4.97185755e+03      4.38314280e+00      
5.03439665e+03      4.18555234e+00      
5.09693575e+03      3.99376421e+00      
5.16285533e+03      3.80599143e+00      
5.23215538e+03      3.62374736e+00      
5.30145544e+03      3.44914593e+00      
5.37075549e+03      3.28303340e+00      
5.44401556e+03      3.12156191e+00      
5.52123564e+03      2.96064418e+00      
5.59845573e+03      2.81074438e+00      
5.67567581e+03      2.66819991e+00      
5.75757587e+03      2.52789330e+00      
5.84415591e+03      2.39126929e+00      
5.93073595e+03      2.26219661e+00      
6.01731598e+03      2.13960314e+00      
6.10948187e+03      2.02007531e+00      
6.20723361e+03      1.90375039e+00      
6.30498534e+03      1.79462140e+00      
6.40273708e+03      1.69146534e+00      
6.50723028e+03      1.59082906e+00      
6.61846495e+03      1.49267382e+00      
6.72969961e+03      1.40160611e+00      
6.84093428e+03      1.31463949e+00      
6.96040857e+03      1.23117727e+00      
7.08812249e+03      1.15014300e+00      
7.21583641e+03      1.07431188e+00      
7.34355032e+03      1.00557339e+00      
7.46187353e+03      9.46138000e-01      
7.57080603e+03      8.94086340e-01      
7.67973852e+03      8.46628785e-01      
7.78867102e+03      8.01456645e-01      
7.90441173e+03      7.57287107e-01      
8.02696067e+03      7.14394786e-01      
8.14950961e+03      6.74099466e-01      
8.27205855e+03      6.34589691e-01      
8.41982520e+03      5.93057418e-01      
8.59280956e+03      5.50190809e-01      
8.76579392e+03      5.09254090e-01      
8.93877828e+03      4.74557878e-01      
9.07082057e+03      4.48342773e-01      
9.16192079e+03      4.29469324e-01      
9.25302100e+03      4.13305244e-01      
9.34412122e+03      3.96816623e-01      
9.46596241e+03      3.77504090e-01      
9.61854458e+03      3.56000979e-01      
9.77112675e+03      3.35027440e-01      
9.92370892e+03      3.15453442e-01      
1.00797873e+04      2.96846940e-01      
1.02393618e+04      2.79433404e-01      
1.03989363e+04      2.63210758e-01      
1.05585108e+04      2.47725018e-01      
1.07370822e+04      2.32103977e-01      
1.09346507e+04      2.16655509e-01      
1.11322191e+04      2.02139480e-01      
1.13297875e+04      1.88152311e-01      
1.15625002e+04      1.73893066e-01      
1.18303573e+04      1.59562632e-01      
1.20982144e+04      1.46224021e-01      
1.23660715e+04      1.33869162e-01      
1.26736112e+04      1.21675000e-01      
1.30208335e+04      1.09818563e-01      
1.33680558e+04      9.91120915e-02      
1.37152781e+04      8.98708547e-02      
1.40268412e+04      8.23322038e-02      
1.43027449e+04      7.60807524e-02      
1.45786486e+04      7.06085568e-02      
1.48545523e+04      6.55549078e-02      
1.51443729e+04      6.07867254e-02      
1.54481106e+04      5.62996420e-02      
1.57518482e+04      5.21396623e-02      
1.60555859e+04      4.80522390e-02      
1.64751008e+04      4.34527438e-02      
1.70103929e+04      3.85905137e-02      
1.75456851e+04      3.41732392e-02      
1.80809772e+04      3.04277615e-02      
1.85802979e+04      2.73320172e-02      
1.90436473e+04      2.47558822e-02      
1.95069966e+04      2.25299800e-02      
1.99703460e+04      2.04492783e-02      
2.05176771e+04      1.83910738e-02      
2.11489899e+04      1.63896556e-02      
2.17803028e+04      1.45962409e-02      
2.24116156e+04      1.29646802e-02      
2.31758368e+04      1.13655660e-02      
2.40729663e+04      9.83895142e-03      
2.49700959e+04      8.51404827e-03      
2.58672254e+04      7.39235160e-03      
2.68141952e+04      6.41462452e-03      
2.78110051e+04      5.56103917e-03      
2.88078151e+04      4.83890109e-03      
2.98046250e+04      4.20433126e-03      
3.09794371e+04      3.60982840e-03      
3.23322513e+04      3.06542069e-03      
3.36850655e+04      2.60551864e-03      
3.50378797e+04      2.19636443e-03      
3.69318190e+04      1.78567267e-03      
3.93668833e+04      1.40703371e-03      
4.18019476e+04      1.10817858e-03      
4.42370119e+04      8.67905364e-04      
4.75852261e+04      6.51483513e-04      
5.18465900e+04      4.72386445e-04      
5.61079540e+04      3.44773534e-04      
6.03693180e+04      2.47598413e-04      
6.71875000e+04      1.63209151e-04      
7.65625000e+04      1.00802032e-04      
8.59375000e+04      6.34553498e-05      
9.53125000e+04      4.38904288e-05      
1.00000000e+05      1.93679834e-05      
