Wavelength(nm)      SolarFlux(mW/m^2/nm)
1.00000000e+00      5.01303363e-03      
1.37500000e+00      4.01027976e-03      
2.12500000e+00      3.85188438e-02      
2.87500000e+00      4.93088089e-02      
3.62500000e+00      3.63801751e-02      
4.12500000e+00      4.56842792e-02      
4.37500000e+00      5.03363312e-02      
4.62500000e+00      5.03363312e-02      
4.87500000e+00      5.03363312e-02      
5.12500000e+00      8.65178683e-02      
5.37500000e+00      8.65178683e-02      
5.62500000e+00      8.65178683e-02      
5.87500000e+00      8.65178683e-02      
6.12500000e+00      7.69538182e-02      
6.37500000e+00      7.69538182e-02      
6.62500000e+00      7.69538182e-02      
6.87500000e+00      7.69538182e-02      
7.12500000e+00      8.07794383e-02      
7.37500000e+00      8.07794383e-02      
7.62500000e+00      8.07794383e-02      
7.87500000e+00      8.07794383e-02      
8.12500000e+00      4.92254300e-02      
8.37500000e+00      4.92254300e-02      
8.62500000e+00      4.92254300e-02      
8.87500000e+00      4.92254300e-02      
9.12500000e+00      5.52434246e-02      
9.37500000e+00      5.52434246e-02      
9.62500000e+00      5.52434246e-02      
9.87500000e+00      5.52434246e-02      
1.01250000e+01      1.91869558e-02      
1.03750000e+01      1.91869558e-02      
1.06250000e+01      1.91869558e-02      
1.08750000e+01      1.91869558e-02      
1.11250000e+01      1.37501612e-02      
1.13750000e+01      1.37501612e-02      
1.16250000e+01      1.37501612e-02      
1.18750000e+01      1.37501612e-02      
1.21000000e+01      8.91706987e-03      
1.23000001e+01      8.61500202e-03      
1.25000001e+01      8.61500202e-03      
1.27000002e+01      8.61500202e-03      
1.31125002e+01      8.36787892e-03      
1.37375002e+01      9.76122216e-03      
1.43625002e+01      2.64114921e-02      
1.49875002e+01      2.89669119e-02      
1.55875002e+01      3.18556437e-02      
1.61625003e+01      4.08260239e-02      
1.67375003e+01      4.97830455e-02      
1.73125004e+01      1.92016698e-01      
1.79625003e+01      1.46561332e-01      
1.86875002e+01      9.60590872e-02      
1.94125001e+01      9.87304245e-02      
2.01375000e+01      6.40694940e-02      
2.08250000e+01      4.54254548e-02      
2.14750001e+01      3.69908029e-02      
2.21250002e+01      4.73454484e-02      
2.27750003e+01      4.55323496e-02      
2.35875003e+01      2.93748170e-02      
2.45625002e+01      6.76899030e-02      
2.55375001e+01      1.06372037e-01      
2.65125000e+01      3.61153244e-02      
2.71250000e+01      5.19893027e-02      
2.73750000e+01      6.34979355e-02      
2.76250000e+01      6.34979355e-02      
2.78750000e+01      6.63362513e-02      
2.82500000e+01      7.76895144e-02      
2.87500000e+01      7.76895144e-02      
2.92500000e+01      2.22253810e-02      
2.97500000e+01      2.22253810e-02      
3.02500000e+01      4.71581238e-01      
3.07500000e+01      4.71581238e-01      
3.12500000e+01      9.15941718e-02      
3.17500000e+01      9.15941718e-02      
3.22500000e+01      1.27201866e-01      
3.27500000e+01      1.27201866e-01      
3.32500000e+01      1.24921208e-01      
3.37500000e+01      1.24921208e-01      
3.42500000e+01      5.34115411e-02      
3.47500000e+01      5.34115411e-02      
3.52500000e+01      4.59515821e-02      
3.57500000e+01      4.59515821e-02      
3.61250000e+01      5.90116603e-02      
3.63750000e+01      6.22766799e-02      
3.66250000e+01      6.22766799e-02      
3.68750000e+01      4.49412260e-02      
3.73750000e+01      1.02703184e-02      
3.81250000e+01      6.35935760e-03      
3.88750000e+01      4.39504885e-03      
3.96250000e+01      4.37739215e-03      
4.03750000e+01      7.34151197e-03      
4.11250000e+01      1.20504579e-02      
4.18750000e+01      1.07909460e-02      
4.26250000e+01      3.56297650e-03      
4.33750000e+01      8.30600964e-03      
4.41250000e+01      4.94142587e-03      
4.48750000e+01      3.38837128e-03      
4.56250000e+01      3.64684586e-03      
4.62500000e+01      1.21240275e-02      
4.67500000e+01      1.31836752e-02      
4.72500000e+01      5.23521387e-03      
4.77500000e+01      5.23521387e-03      
4.82500000e+01      8.71799948e-03      
4.87500000e+01      8.71799948e-03      
4.92500000e+01      3.10390209e-02      
4.97500000e+01      3.10390209e-02      
5.02500000e+01      1.26466170e-02      
5.07500000e+01      1.26466170e-02      
5.12500000e+01      4.33398607e-03      
5.17500000e+01      4.33398607e-03      
5.22500000e+01      7.63652613e-03      
5.27500000e+01      7.63652613e-03      
5.32500000e+01      5.62807562e-03      
5.37500000e+01      5.62807562e-03      
5.42500000e+01      3.62771776e-03      
5.47500000e+01      3.62771776e-03      
5.52500000e+01      1.62441712e-02      
5.57500000e+01      1.62441712e-02      
5.62500000e+01      4.95270654e-03      
5.67500000e+01      4.95270654e-03      
5.72500000e+01      4.93431414e-03      
5.77500000e+01      4.93431414e-03      
5.82500000e+01      2.79490971e-02      
5.87500000e+01      2.79490971e-02      
5.92500000e+01      5.83259915e-03      
5.97500000e+01      5.83259915e-03      
6.02500000e+01      2.39910517e-02      
6.07500000e+01      2.39910517e-02      
6.12500000e+01      7.29516311e-03      
6.17500000e+01      7.29516311e-03      
6.21250000e+01      2.68022939e-02      
6.23750000e+01      3.16790766e-02      
6.26250000e+01      3.16790766e-02      
6.28750000e+01      1.98490824e-02      
6.36250000e+01      6.47173519e-03      
6.48750000e+01      1.67576871e-03      
6.61250000e+01      1.34647111e-03      
6.73750000e+01      1.30659638e-03      
6.83750000e+01      4.07281394e-03      
6.91250000e+01      3.75229564e-03      
6.98750000e+01      5.16949168e-03      
7.06250000e+01      8.78421214e-03      
7.13750000e+01      3.84842661e-03      
7.21250000e+01      3.21965162e-03      
7.28750000e+01      3.19856167e-03      
7.36250000e+01      3.78515674e-03      
7.43750000e+01      4.66431365e-03      
7.51250000e+01      6.28922123e-03      
7.58750000e+01      1.07009459e-02      
7.66250000e+01      1.78994875e-02      
7.71250000e+01      1.69627011e-02      
7.73750000e+01      1.64943079e-02      
7.76250000e+01      1.64943079e-02      
7.78750000e+01      1.64943079e-02      
7.81250000e+01      2.29831480e-02      
7.83750000e+01      2.29831480e-02      
7.86250000e+01      2.29831480e-02      
7.88750000e+01      2.29831480e-02      
7.91250000e+01      1.07411639e-02      
7.93750000e+01      1.07411639e-02      
7.96250000e+01      1.07411639e-02      
7.98750000e+01      1.08686846e-02      
8.03750000e+01      1.11237259e-02      
8.11250000e+01      1.21340820e-02      
8.18750000e+01      1.46526152e-02      
8.26250000e+01      1.86793255e-02      
8.30749998e+01      2.51791907e-02      
8.32249994e+01      3.16790766e-02      
8.33749990e+01      3.16790766e-02      
8.35249987e+01      3.16790766e-02      
8.38999987e+01      2.81990664e-02      
8.44999990e+01      2.31964999e-02      
8.50999994e+01      2.49523586e-02      
8.56999998e+01      2.58302921e-02      
8.60625000e+01      2.66263528e-02      
8.61875000e+01      2.73826110e-02      
8.63125000e+01      2.73826110e-02      
8.64375000e+01      2.73826110e-02      
8.65625000e+01      2.73826110e-02      
8.66875000e+01      2.73826110e-02      
8.68125000e+01      2.73826110e-02      
8.69375000e+01      2.73826110e-02      
8.70625000e+01      3.25913398e-02      
8.71875000e+01      3.25913398e-02      
8.73125000e+01      3.25913398e-02      
8.74375000e+01      3.25913398e-02      
8.75625000e+01      3.25913398e-02      
8.76875000e+01      3.25913398e-02      
8.78125000e+01      3.25913398e-02      
8.79375000e+01      3.25913398e-02      
8.80625000e+01      3.72482965e-02      
8.81875000e+01      3.72482965e-02      
8.83125000e+01      3.72482965e-02      
8.84375000e+01      3.72482965e-02      
8.85625000e+01      3.72482965e-02      
8.86875000e+01      3.72482965e-02      
8.88125000e+01      3.72482965e-02      
8.89375000e+01      3.72482965e-02      
8.90625000e+01      4.53041695e-02      
8.91875000e+01      4.53041695e-02      
8.93125000e+01      4.53041695e-02      
8.94375000e+01      4.53041695e-02      
8.95625000e+01      4.53041695e-02      
8.96875000e+01      4.53041695e-02      
8.98125000e+01      4.53041695e-02      
8.99375000e+01      4.53041695e-02      
9.00625000e+01      5.33526855e-02      
9.01875000e+01      5.33526855e-02      
9.03125000e+01      5.33526855e-02      
9.04375000e+01      5.33526855e-02      
9.05749998e+01      5.33526855e-02      
9.07249994e+01      5.33526855e-02      
9.08749990e+01      5.33526855e-02      
9.10249987e+01      4.53517663e-02      
9.11499987e+01      4.07796381e-02      
9.12499990e+01      4.07796381e-02      
9.13499994e+01      4.07796381e-02      
9.14499998e+01      4.07796381e-02      
9.15625000e+01      4.07796381e-02      
9.16875000e+01      4.07796381e-02      
9.18125000e+01      4.07796381e-02      
9.19375000e+01      4.07796381e-02      
9.20375004e+01      1.83050898e-02      
9.21125011e+01      1.45594270e-02      
9.21875019e+01      1.45594270e-02      
9.22625027e+01      1.45594270e-02      
9.23500023e+01      1.45594270e-02      
9.24500008e+01      1.45594270e-02      
9.25499992e+01      1.45594270e-02      
9.26499977e+01      1.45594270e-02      
9.27374973e+01      1.45594270e-02      
9.28124981e+01      1.45594270e-02      
9.28874989e+01      1.45594270e-02      
9.29624996e+01      1.45594270e-02      
9.30375004e+01      1.27422575e-02      
9.31125011e+01      1.27422575e-02      
9.31875019e+01      1.27422575e-02      
9.32625027e+01      1.27422575e-02      
9.33625031e+01      1.27422575e-02      
9.34875031e+01      1.27422575e-02      
9.36125031e+01      1.27422575e-02      
9.37375031e+01      1.27422575e-02      
9.38500023e+01      1.27422575e-02      
9.39500008e+01      1.27422575e-02      
9.40499992e+01      9.08584756e-03      
9.41499977e+01      9.08584756e-03      
9.42749977e+01      9.08584756e-03      
9.44249992e+01      9.08584756e-03      
9.45750008e+01      9.08584756e-03      
9.47250023e+01      9.08584756e-03      
9.48375025e+01      9.08584756e-03      
9.49125013e+01      9.08584756e-03      
9.49875002e+01      7.80009591e-03      
9.50624990e+01      5.22859260e-03      
9.51374989e+01      5.22859260e-03      
9.52124996e+01      5.22859260e-03      
9.52875004e+01      5.22859260e-03      
9.53625011e+01      5.22859260e-03      
9.54250011e+01      5.22859260e-03      
9.54750004e+01      5.22859260e-03      
9.55249996e+01      5.22859260e-03      
9.55749989e+01      5.22859260e-03      
9.56124983e+01      5.22859260e-03      
9.56374979e+01      5.22859260e-03      
9.56624975e+01      5.22859260e-03      
9.56874971e+01      5.22859260e-03      
9.57499971e+01      5.22859260e-03      
9.58499975e+01      5.22859260e-03      
9.59499979e+01      5.22859260e-03      
9.60499983e+01      5.43679088e-03      
9.61624985e+01      5.43679462e-03      
9.62874985e+01      5.43679462e-03      
9.64124985e+01      5.43679462e-03      
9.65374985e+01      5.43679462e-03      
9.66124983e+01      5.43679462e-03      
9.66374979e+01      5.43679462e-03      
9.66624975e+01      5.43679462e-03      
9.66874971e+01      5.43679462e-03      
9.67499971e+01      5.43679462e-03      
9.68499975e+01      5.43679462e-03      
9.69499979e+01      5.43679462e-03      
9.70499983e+01      9.76251219e-02      
9.71499987e+01      9.76268803e-02      
9.72499990e+01      9.76268803e-02      
9.73499994e+01      9.76268803e-02      
9.74499998e+01      9.76268803e-02      
9.75625000e+01      9.76268803e-02      
9.76875000e+01      9.76268803e-02      
9.78125000e+01      9.76268803e-02      
9.79375000e+01      9.76268803e-02      
9.80625000e+01      1.10722272e-02      
9.81875000e+01      1.10722272e-02      
9.83125000e+01      1.10722272e-02      
9.84375000e+01      1.10722272e-02      
9.85124998e+01      1.10722272e-02      
9.85374994e+01      1.10722272e-02      
9.85624990e+01      1.10722272e-02      
9.85874987e+01      1.10722272e-02      
9.86249990e+01      1.10722272e-02      
9.86750002e+01      1.10722272e-02      
9.87250013e+01      1.10722272e-02      
9.87750025e+01      1.10722272e-02      
9.88375025e+01      1.10722272e-02      
9.89125013e+01      1.10722272e-02      
9.89875002e+01      1.30757731e-02      
9.90624990e+01      1.70828648e-02      
9.91249990e+01      1.70828648e-02      
9.91750002e+01      1.70828648e-02      
9.92250013e+01      1.70828648e-02      
9.92750025e+01      1.70828648e-02      
9.93875029e+01      1.70828648e-02      
9.95625025e+01      1.70828648e-02      
9.97375021e+01      1.70828648e-02      
9.99125017e+01      1.32434831e-02      
1.00300001e+02      6.91995807e-03      
1.00900002e+02      7.27898050e-03      
1.01500002e+02      7.99701725e-03      
1.02100002e+02      4.67116235e-02      
1.02475001e+02      7.36431855e-02      
1.02625001e+02      7.36431855e-02      
1.02775001e+02      7.36431855e-02      
1.02925000e+02      7.36431855e-02      
1.03062500e+02      7.58853088e-02      
1.03187500e+02      7.59974132e-02      
1.03312500e+02      7.59974132e-02      
1.03437500e+02      7.59974132e-02      
1.03625000e+02      7.59974132e-02      
1.03875000e+02      7.59974132e-02      
1.04125000e+02      1.10354424e-02      
1.04375000e+02      1.10354424e-02      
1.04650000e+02      1.10354424e-02      
1.04949999e+02      1.04714158e-02      
1.05249998e+02      9.34334122e-03      
1.05549997e+02      9.34334122e-03      
1.05862497e+02      9.30814647e-03      
1.06187498e+02      8.89456656e-03      
1.06512499e+02      8.89456656e-03      
1.06837500e+02      8.89456656e-03      
1.07125000e+02      9.40099891e-03      
1.07375000e+02      9.43898172e-03      
1.07625000e+02      9.43898172e-03      
1.07875000e+02      9.43898172e-03      
1.08125000e+02      1.58321813e-02      
1.08375000e+02      1.58321813e-02      
1.08625000e+02      1.58321813e-02      
1.08875000e+02      1.58321813e-02      
1.09125000e+02      1.06528804e-02      
1.09375000e+02      1.06528804e-02      
1.09625000e+02      1.06528804e-02      
1.09875000e+02      1.06528804e-02      
1.10125000e+02      1.13591487e-02      
1.10375000e+02      1.13591487e-02      
1.10625000e+02      1.13591487e-02      
1.10875000e+02      1.13591487e-02      
1.11013889e+02      1.10084649e-02      
1.11041667e+02      1.03071032e-02      
1.11069445e+02      1.03071032e-02      
1.11097223e+02      1.03071032e-02      
1.11222223e+02      1.03071032e-02      
1.11444445e+02      1.03071032e-02      
1.11666667e+02      1.03071032e-02      
1.11888889e+02      1.03396524e-02      
1.12125000e+02      1.13812196e-02      
1.12375000e+02      1.13812196e-02      
1.12625000e+02      1.13812196e-02      
1.12875000e+02      1.13812196e-02      
1.13125000e+02      8.76949822e-03      
1.13375000e+02      8.76949822e-03      
1.13625000e+02      8.76949822e-03      
1.13875000e+02      8.76949822e-03      
1.14125000e+02      5.93338952e-03      
1.14375000e+02      5.93338952e-03      
1.14625000e+02      5.93338952e-03      
1.14875000e+02      5.93338952e-03      
1.15087500e+02      9.37881591e-03      
1.15262499e+02      9.74797411e-03      
1.15437498e+02      9.74797411e-03      
1.15612497e+02      9.74797411e-03      
1.15774998e+02      9.74797411e-03      
1.15924999e+02      9.74797411e-03      
1.16075001e+02      1.10207285e-02      
1.16225002e+02      1.10207285e-02      
1.16387503e+02      1.10207285e-02      
1.16562502e+02      1.10207285e-02      
1.16737501e+02      1.10207285e-02      
1.16912500e+02      1.10207285e-02      
1.17075000e+02      4.60516546e-02      
1.17224999e+02      4.75112579e-02      
1.17374999e+02      4.75112579e-02      
1.17524999e+02      4.75112579e-02      
1.17687499e+02      4.75112579e-02      
1.17862500e+02      4.75112579e-02      
1.18037501e+02      2.24343102e-02      
1.18212502e+02      1.24038372e-02      
1.18387503e+02      1.24038372e-02      
1.18562502e+02      1.24038372e-02      
1.18737501e+02      1.24038372e-02      
1.18912500e+02      1.34100287e-02      
1.19100000e+02      4.15815469e-02      
1.19300001e+02      4.15815469e-02      
1.19500002e+02      4.15815469e-02      
1.19700003e+02      4.05193039e-02      
1.19887503e+02      4.52621336e-02      
1.20062502e+02      4.52442009e-02      
1.20237501e+02      4.08469835e-02      
1.20412500e+02      1.20110013e-01      
1.20587500e+02      3.02549651e-01      
1.20762499e+02      2.22906802e-01      
1.20937498e+02      8.12507742e-02      
1.21112497e+02      1.65349301e-01      
1.21299997e+02      4.15435366e+00      
1.21499998e+02      1.71434704e+01      
1.21699999e+02      1.13261298e+01      
1.21900000e+02      1.16875540e+00      
1.22087500e+02      1.11789088e-01      
1.22262499e+02      5.23880467e-02      
1.22437498e+02      3.76635269e-02      
1.22612497e+02      3.17356985e-02      
1.22799997e+02      2.95595938e-02      
1.22999998e+02      2.57907892e-02      
1.23199999e+02      2.28728024e-02      
1.23400000e+02      2.20419334e-02      
1.23587500e+02      2.52394245e-02      
1.23762499e+02      4.53376629e-02      
1.23937498e+02      4.83900161e-02      
1.24112497e+02      3.62460392e-02      
1.24299997e+02      3.44325923e-02      
1.24499998e+02      2.08846802e-02      
1.24699999e+02      1.71104550e-02      
1.24900000e+02      1.70709093e-02      
1.25100000e+02      1.76705057e-02      
1.25300001e+02      2.10354161e-02      
1.25500002e+02      2.26695516e-02      
1.25700003e+02      2.49291625e-02      
1.25900002e+02      3.86435197e-02      
1.26100001e+02      3.68536774e-02      
1.26300000e+02      3.65080021e-02      
1.26499999e+02      5.89624074e-02      
1.26699999e+02      3.01636976e-02      
1.26900000e+02      1.37253413e-02      
1.27100000e+02      1.28673255e-02      
1.27300001e+02      1.46173863e-02      
1.27500001e+02      2.09554067e-02      
1.27700000e+02      2.32213318e-02      
1.27899999e+02      2.15899428e-02      
1.28099998e+02      1.67123338e-02      
1.28299997e+02      1.15467824e-02      
1.28499998e+02      1.10289924e-02      
1.28699999e+02      1.59884736e-02      
1.28900000e+02      1.97694991e-02      
1.29112499e+02      1.43261282e-02      
1.29337498e+02      1.43509215e-02      
1.29562496e+02      1.96708406e-02      
1.29787495e+02      2.26340004e-02      
1.29999994e+02      6.15716806e-02      
1.30199995e+02      1.44654694e-01      
1.30399996e+02      2.10398298e-01      
1.30599997e+02      2.03981293e-01      
1.30812498e+02      6.92790435e-02      
1.31037500e+02      3.52717006e-02      
1.31262503e+02      2.16759581e-02      
1.31487505e+02      1.89034745e-02      
1.31700005e+02      2.30529708e-02      
1.31900002e+02      2.11677804e-02      
1.32099998e+02      1.50606283e-02      
1.32299995e+02      1.60472751e-02      
1.32512495e+02      1.62473425e-02      
1.32737497e+02      1.97860451e-02      
1.32962500e+02      2.37490844e-02      
1.33187502e+02      6.93921411e-02      
1.33412502e+02      3.88196556e-01      
1.33637501e+02      3.03955849e-01      
1.33862499e+02      3.53200910e-02      
1.34087498e+02      1.54725028e-02      
1.34312498e+02      1.58191028e-02      
1.34537500e+02      1.60414477e-02      
1.34762503e+02      1.72415056e-02      
1.34987505e+02      2.58321711e-02      
1.35212505e+02      3.14003053e-02      
1.35437504e+02      3.87371137e-02      
1.35662502e+02      4.30414012e-02      
1.35887501e+02      3.34347786e-02      
1.36125000e+02      2.53207691e-02      
1.36375000e+02      2.35187348e-02      
1.36625000e+02      2.16750802e-02      
1.36875000e+02      2.46941090e-02      
1.37112499e+02      2.80093452e-02      
1.37337498e+02      2.50774768e-02      
1.37562496e+02      2.20741709e-02      
1.37787495e+02      2.33499317e-02      
1.38024994e+02      2.61075684e-02      
1.38274994e+02      2.46826629e-02      
1.38524994e+02      2.44493425e-02      
1.38774994e+02      2.63189929e-02      
1.39137495e+02      8.81394981e-02      
1.39612497e+02      7.74011057e-02      
1.40087500e+02      7.67395912e-02      
1.40562502e+02      5.54479128e-02      
1.41050003e+02      3.71514583e-02      
1.41550003e+02      3.69190669e-02      
1.42050003e+02      3.70426964e-02      
1.42550003e+02      4.53758502e-02      
1.42807146e+02      3.85829363e-02      
1.42821433e+02      3.72923826e-02      
1.42835719e+02      3.71600130e-02      
1.42850006e+02      3.82206935e-02      
1.43112505e+02      4.75554326e-02      
1.43623216e+02      4.48507813e-02      
1.44133927e+02      4.27285006e-02      
1.44644638e+02      4.50095976e-02      
1.45162495e+02      4.51670664e-02      
1.45687496e+02      4.87787471e-02      
1.46212498e+02      5.30772973e-02      
1.46737499e+02      6.29761750e-02      
1.47275000e+02      8.32764869e-02      
1.47824999e+02      6.21171429e-02      
1.48374998e+02      7.57576608e-02      
1.48924997e+02      6.55574948e-02      
1.49487497e+02      6.55278970e-02      
1.50062498e+02      7.09130860e-02      
1.50637499e+02      7.21177294e-02      
1.51212500e+02      7.84092142e-02      
1.51787500e+02      7.61445558e-02      
1.52362501e+02      9.59029083e-02      
1.52937502e+02      1.08358483e-01      
1.53512503e+02      1.19014928e-01      
1.54100002e+02      1.01699547e-01      
1.54700001e+02      2.54296840e-01      
1.55299999e+02      1.67410885e-01      
1.55899998e+02      1.80133067e-01      
1.56512497e+02      1.36633126e-01      
1.57137497e+02      1.51261929e-01      
1.57762497e+02      1.37095684e-01      
1.58387497e+02      1.33925783e-01      
1.59024998e+02      1.42850767e-01      
1.59674999e+02      1.36763107e-01      
1.60325001e+02      1.51655269e-01      
1.60975002e+02      1.77427422e-01      
1.61625002e+02      1.77642253e-01      
1.62275000e+02      2.06181680e-01      
1.62924997e+02      2.13549884e-01      
1.63574995e+02      2.36564802e-01      
1.64245829e+02      2.74206965e-01      
1.64937498e+02      2.22931007e-01      
1.65629167e+02      4.71498269e-01      
1.66320837e+02      2.91008012e-01      
1.66670837e+02      2.73665242e-01      
1.66679169e+02      2.71545452e-01      
1.66687500e+02      2.71545452e-01      
1.66695831e+02      2.81221714e-01      
1.67049997e+02      3.41807291e-01      
1.67749998e+02      3.07373831e-01      
1.68449999e+02      3.53039443e-01      
1.69150000e+02      4.30129571e-01      
1.69862499e+02      5.16472637e-01      
1.70587498e+02      5.40784793e-01      
1.71312496e+02      5.38963341e-01      
1.72037495e+02      5.86309535e-01      
1.72587494e+02      6.02669856e-01      
1.72962494e+02      5.56216681e-01      
1.73337494e+02      5.76176800e-01      
1.73712494e+02      6.13589582e-01      
1.74087494e+02      6.81351299e-01      
1.74462494e+02      7.36603624e-01      
1.74837494e+02      7.18877468e-01      
1.75212494e+02      8.23157868e-01      
1.75599995e+02      8.96194096e-01      
1.75999996e+02      9.36173083e-01      
1.76399998e+02      8.90790412e-01      
1.76799999e+02      1.00155799e+00      
1.77200001e+02      1.18253955e+00      
1.77600002e+02      1.06027606e+00      
1.78000004e+02      1.20971525e+00      
1.78400005e+02      1.22930280e+00      
1.78800005e+02      1.29455040e+00      
1.79200003e+02      1.26981035e+00      
1.79600000e+02      1.19969058e+00      
1.79999998e+02      1.33418454e+00      
1.80399998e+02      1.42545671e+00      
1.80799999e+02      1.73164406e+00      
1.81200001e+02      1.44830972e+00      
1.81600002e+02      2.20003100e+00      
1.82012503e+02      1.85618978e+00      
1.82437502e+02      1.82976264e+00      
1.82862501e+02      1.70140567e+00      
1.83287500e+02      1.84629457e+00      
1.83712500e+02      1.89848558e+00      
1.84137499e+02      1.69495772e+00      
1.84562498e+02      1.60191461e+00      
1.84987497e+02      1.53682566e+00      
1.85412497e+02      1.88796461e+00      
1.85837496e+02      1.96019956e+00      
1.86262495e+02      2.00814654e+00      
1.86687494e+02      2.21064377e+00      
1.87124994e+02      2.50893109e+00      
1.87574995e+02      2.43560489e+00      
1.88024996e+02      2.34687009e+00      
1.88474997e+02      2.65255063e+00      
1.88924997e+02      2.81730551e+00      
1.89374998e+02      3.02890236e+00      
1.89824999e+02      2.74263517e+00      
1.90275000e+02      2.92181693e+00      
1.90725000e+02      3.13835735e+00      
1.91175001e+02      3.15830296e+00      
1.91625002e+02      3.39834429e+00      
1.92075003e+02      3.57298498e+00      
1.92537502e+02      3.46087119e+00      
1.93012501e+02      2.92520364e+00      
1.93487499e+02      2.43422483e+00      
1.93962498e+02      3.57578595e+00      
1.94437498e+02      4.44763171e+00      
1.94912500e+02      4.49595392e+00      
1.95387503e+02      4.26603274e+00      
1.95862505e+02      4.45494935e+00      
1.96337505e+02      4.55780084e+00      
1.96812504e+02      5.31242299e+00      
1.97287502e+02      4.96525083e+00      
1.97762501e+02      4.81354522e+00      
1.98250000e+02      5.09434218e+00      
1.98750000e+02      4.69830281e+00      
1.99250000e+02      5.26464171e+00      
1.99750000e+02      5.33188439e+00      
2.00000000e+02      5.44827157e+00      
2.00000001e+02      5.46033689e+00      
2.00000002e+02      5.46033689e+00      
2.00000003e+02      5.48064462e+00      
2.00250003e+02      5.71008251e+00      
2.00750002e+02      5.91882387e+00      
2.01250001e+02      6.19956484e+00      
2.01750000e+02      6.47580686e+00      
2.02262501e+02      6.45794918e+00      
2.02787502e+02      6.49388895e+00      
2.03312504e+02      7.10241154e+00      
2.03837505e+02      7.33468544e+00      
2.04362505e+02      8.03857192e+00      
2.04887503e+02      8.25079711e+00      
2.05412500e+02      8.33291521e+00      
2.05937498e+02      8.29423873e+00      
2.06462498e+02      8.53967829e+00      
2.06987499e+02      9.20650090e+00      
2.07512501e+02      1.00235108e+01      
2.08037502e+02      1.04438229e+01      
2.08575003e+02      1.17669398e+01      
2.09125002e+02      1.44127630e+01      
2.09675001e+02      1.75595347e+01      
2.10225000e+02      2.01887977e+01      
2.10787500e+02      2.26238996e+01      
2.11362501e+02      2.49820185e+01      
2.11937502e+02      2.93785725e+01      
2.12512503e+02      2.23694545e+01      
2.13087503e+02      2.38413777e+01      
2.13662504e+02      2.52097209e+01      
2.14237505e+02      3.18289863e+01      
2.14812506e+02      3.02873289e+01      
2.15387505e+02      2.93096517e+01      
2.15962502e+02      2.53564048e+01      
2.16537498e+02      2.47920766e+01      
2.17112495e+02      2.50741154e+01      
2.17724995e+02      2.75073333e+01      
2.18374996e+02      3.64225139e+01      
2.19024998e+02      3.34403760e+01      
2.19674999e+02      3.79143670e+01      
2.20275000e+02      3.89782684e+01      
2.20824999e+02      3.28768195e+01      
2.21374998e+02      2.93106581e+01      
2.21924997e+02      3.22386737e+01      
2.22512497e+02      3.78853574e+01      
2.23137497e+02      4.47833077e+01      
2.23762497e+02      5.08096456e+01      
2.24387497e+02      4.44033420e+01      
2.25024998e+02      4.40794990e+01      
2.25674999e+02      3.85960999e+01      
2.26325001e+02      3.17140958e+01      
2.26975002e+02      2.56974166e+01      
2.27625002e+02      3.05992042e+01      
2.28275000e+02      4.03254863e+01      
2.28924997e+02      3.74195631e+01      
2.29574995e+02      3.63844459e+01      
2.30237495e+02      3.66355953e+01      
2.30912498e+02      4.14476407e+01      
2.31587502e+02      3.84766217e+01      
2.32262505e+02      4.13634464e+01      
2.32937506e+02      3.68447441e+01      
2.33612505e+02      3.30663818e+01      
2.34287504e+02      2.87880839e+01      
2.34962503e+02      3.24830640e+01      
2.35587884e+02      4.17543919e+01      
2.36163647e+02      3.64455565e+01      
2.36739410e+02      3.57138928e+01      
2.37315172e+02      3.96005777e+01      
2.37665173e+02      3.72197128e+01      
2.37789411e+02      4.07006315e+01      
2.37913649e+02      3.52717684e+01      
2.38037887e+02      2.93526567e+01      
2.38462505e+02      3.09113802e+01      
2.39187504e+02      3.50893701e+01      
2.39912502e+02      3.08993817e+01      
2.40637501e+02      2.97472574e+01      
2.41362499e+02      3.42280657e+01      
2.42087498e+02      5.07726598e+01      
2.42812496e+02      5.38182929e+01      
2.43537495e+02      4.96370167e+01      
2.44274994e+02      4.92040662e+01      
2.45024994e+02      4.04989239e+01      
2.45774994e+02      3.76033999e+01      
2.46524994e+02      3.71555439e+01      
2.47287495e+02      4.20670345e+01      
2.48062496e+02      3.81592949e+01      
2.48837498e+02      3.25095500e+01      
2.49612499e+02      4.51122540e+01      
2.50400000e+02      4.55216858e+01      
2.51199999e+02      3.91641999e+01      
2.51999998e+02      3.12350911e+01      
2.52799997e+02      3.21040012e+01      
2.53599997e+02      3.98401417e+01      
2.54399996e+02      4.40372364e+01      
2.55199995e+02      5.41314008e+01      
2.55999994e+02      6.57486074e+01      
2.56812496e+02      8.53559438e+01      
2.57637501e+02      9.30900379e+01      
2.58462505e+02      9.49825912e+01      
2.59287510e+02      8.94918532e+01      
2.60137512e+02      6.74255110e+01      
2.61012512e+02      6.10103100e+01      
2.61887512e+02      7.57359830e+01      
2.62762512e+02      7.81477306e+01      
2.63637512e+02      1.35583727e+02      
2.64512512e+02      1.90302219e+02      
2.65387512e+02      1.90082653e+02      
2.66262512e+02      1.93044531e+02      
2.67150009e+02      1.89069461e+02      
2.68050003e+02      1.90417810e+02      
2.68949997e+02      1.82885502e+02      
2.69849991e+02      1.90152063e+02      
2.70762489e+02      2.02733648e+02      
2.71687492e+02      1.61596706e+02      
2.72612495e+02      1.54787578e+02      
2.73537498e+02      1.57168844e+02      
2.74125601e+02      1.12697553e+02      
2.74376802e+02      9.56195444e+01      
2.74628003e+02      1.02696442e+02      
2.74879204e+02      9.82336797e+01      
2.75354202e+02      1.29360235e+02      
2.76052998e+02      1.69762762e+02      
2.76751794e+02      1.92277024e+02      
2.77450590e+02      1.85946930e+02      
2.78287491e+02      1.31663633e+02      
2.79262497e+02      7.89527791e+01      
2.80237503e+02      6.22871352e+01      
2.81212509e+02      1.31358620e+02      
2.82113240e+02      2.05842985e+02      
2.82939697e+02      2.38870362e+02      
2.83766153e+02      2.36226988e+02      
2.84592609e+02      1.89167406e+02      
2.85092609e+02      1.14160119e+02      
2.85266153e+02      8.43197534e+01      
2.85439697e+02      9.33390799e+01      
2.85613240e+02      1.39127447e+02      
2.86225010e+02      2.36003835e+02      
2.87275005e+02      2.68011152e+02      
2.88325001e+02      2.34249560e+02      
2.89374996e+02      3.38795419e+02      
2.90424995e+02      4.55720573e+02      
2.91474998e+02      4.40628659e+02      
2.92525002e+02      3.90835918e+02      
2.93575005e+02      4.08482078e+02      
2.94650005e+02      3.85552367e+02      
2.95750004e+02      4.27163862e+02      
2.96850002e+02      3.55920199e+02      
2.97950001e+02      3.91237528e+02      
2.99062500e+02      3.61031253e+02      
3.00187500e+02      3.31709965e+02      
3.01312500e+02      3.51868694e+02      
3.02437500e+02      3.59137356e+02      
3.03513304e+02      4.74234547e+02      
3.04539913e+02      4.56142185e+02      
3.05566522e+02      4.48779393e+02      
3.06593131e+02      4.27827467e+02      
3.07180632e+02      4.71007258e+02      
3.07329027e+02      4.76118445e+02      
3.07477421e+02      4.82851157e+02      
3.07625815e+02      4.72745402e+02      
3.08300011e+02      4.77591865e+02      
3.09500008e+02      3.86313137e+02      
3.10700005e+02      5.10742877e+02      
3.11900002e+02      5.26008245e+02      
3.13125000e+02      5.18745586e+02      
3.14375000e+02      5.16065283e+02      
3.15625000e+02      4.70137155e+02      
3.16875000e+02      5.44953717e+02      
3.18125000e+02      5.23602019e+02      
3.19375000e+02      5.36991395e+02      
3.20625000e+02      5.97885290e+02      
3.21875000e+02      5.34155786e+02      
3.23125000e+02      4.91170266e+02      
3.24375000e+02      5.74177363e+02      
3.25625000e+02      6.85498816e+02      
3.26875000e+02      7.38719409e+02      
3.27713409e+02      7.22868937e+02      
3.28140227e+02      6.96560237e+02      
3.28567045e+02      6.94729530e+02      
3.28993862e+02      7.44147756e+02      
3.29618862e+02      8.28492135e+02      
3.30442045e+02      7.75156964e+02      
3.31265227e+02      7.34715382e+02      
3.32088409e+02      7.32290076e+02      
3.33125000e+02      7.11774193e+02      
3.34375000e+02      7.25770382e+02      
3.35625000e+02      6.97486102e+02      
3.36875000e+02      6.15409018e+02      
3.37962972e+02      6.81423117e+02      
3.38888917e+02      7.23112711e+02      
3.39814862e+02      7.62407580e+02      
3.40740807e+02      7.49504372e+02      
3.41365807e+02      7.00624538e+02      
3.41689862e+02      6.88534093e+02      
3.42013917e+02      7.63869746e+02      
3.42337972e+02      7.45676924e+02      
3.42812500e+02      7.74747417e+02      
3.43437500e+02      7.58015121e+02      
3.44062500e+02      6.08794693e+02      
3.44687500e+02      6.67549620e+02      
3.46250000e+02      7.12550870e+02      
3.48750000e+02      6.83181902e+02      
3.51250000e+02      7.66507938e+02      
3.53750000e+02      7.92795274e+02      
3.56250000e+02      7.27442310e+02      
3.58750000e+02      6.50604011e+02      
3.61250000e+02      7.17624960e+02      
3.63750000e+02      7.82008085e+02      
3.66250000e+02      9.16884439e+02      
3.68750000e+02      8.93452958e+02      
3.71250000e+02      8.71796373e+02      
3.73750000e+02      7.30475262e+02      
3.76250000e+02      8.36054149e+02      
3.78750000e+02      9.33207477e+02      
3.81250000e+02      8.25671211e+02      
3.83750000e+02      5.90352100e+02      
3.85625050e+02      7.59387987e+02      
3.86875151e+02      7.69087549e+02      
3.88125252e+02      7.58905222e+02      
3.89375353e+02      8.51411222e+02      
3.90625353e+02      9.34004831e+02      
3.91875252e+02      9.25019117e+02      
3.93125151e+02      5.43401227e+02      
3.94375050e+02      7.63352528e+02      
3.96250000e+02      7.24027703e+02      
3.98750000e+02      1.09437474e+03      
4.01250000e+02      1.28630338e+03      
4.03750000e+02      1.27251687e+03      
4.06250000e+02      1.22790676e+03      
4.08750000e+02      1.26012322e+03      
4.11250000e+02      1.26589106e+03      
4.13750000e+02      1.30814419e+03      
4.16250000e+02      1.31561953e+03      
4.18750000e+02      1.28442670e+03      
4.21250000e+02      1.31864464e+03      
4.23750000e+02      1.27238752e+03      
4.26250000e+02      1.26559260e+03      
4.28750000e+02      1.19287142e+03      
4.31250000e+02      1.08710696e+03      
4.33750000e+02      1.21612773e+03      
4.36250000e+02      1.33653903e+03      
4.38750000e+02      1.30109358e+03      
4.41250000e+02      1.40209999e+03      
4.43750000e+02      1.45344714e+03      
4.45625561e+02      1.39688769e+03      
4.46876683e+02      1.45616954e+03      
4.48127805e+02      1.50336863e+03      
4.49378927e+02      1.50479814e+03      
4.50628927e+02      1.59231170e+03      
4.51877805e+02      1.56835684e+03      
4.53126683e+02      1.42108122e+03      
4.54375561e+02      1.53486988e+03      
4.56250000e+02      1.55278523e+03      
4.58750000e+02      1.53623913e+03      
4.61250000e+02      1.54850618e+03      
4.63750000e+02      1.54333233e+03      
4.66250000e+02      1.49742905e+03      
4.68750000e+02      1.51251775e+03      
4.71250000e+02      1.48952786e+03      
4.73750000e+02      1.53782971e+03      
4.76250000e+02      1.53160781e+03      
4.78750000e+02      1.55650395e+03      
4.81250000e+02      1.55724007e+03      
4.83750000e+02      1.52062252e+03      
4.86250000e+02      1.32103142e+03      
4.88750000e+02      1.45612830e+03      
4.91250000e+02      1.46363851e+03      
4.93750000e+02      1.47642894e+03      
4.96250000e+02      1.49146418e+03      
4.98750000e+02      1.45526630e+03      
5.01250000e+02      1.37722806e+03      
5.03750000e+02      1.43112916e+03      
5.06250000e+02      1.46000367e+03      
5.08750000e+02      1.38704928e+03      
5.11250000e+02      1.43970660e+03      
5.13750000e+02      1.36276031e+03      
5.16250000e+02      1.29541863e+03      
5.18750000e+02      1.29809902e+03      
5.21250000e+02      1.38795042e+03      
5.23750000e+02      1.37102620e+03      
5.26250000e+02      1.33475362e+03      
5.28750000e+02      1.40073236e+03      
5.31250000e+02      1.42471403e+03      
5.33750000e+02      1.35383531e+03      
5.35626888e+02      1.42362432e+03      
5.36880663e+02      1.37955470e+03      
5.38134438e+02      1.40645328e+03      
5.39388214e+02      1.38021321e+03      
5.40638214e+02      1.32135514e+03      
5.41884438e+02      1.38349298e+03      
5.43130663e+02      1.36059635e+03      
5.44376888e+02      1.40216404e+03      
5.45563869e+02      1.40783320e+03      
5.46691608e+02      1.41179169e+03      
5.47819347e+02      1.37821434e+03      
5.48947086e+02      1.39385449e+03      
5.50197086e+02      1.40411086e+03      
5.51569347e+02      1.39233778e+03      
5.52941608e+02      1.37595347e+03      
5.54313869e+02      1.41079579e+03      
5.56250000e+02      1.37915943e+03      
5.58750000e+02      1.33477766e+03      
5.61250000e+02      1.34639151e+03      
5.63750000e+02      1.37493530e+03      
5.65200540e+02      1.35845712e+03      
5.65601619e+02      1.33485592e+03      
5.66002698e+02      1.27426406e+03      
5.66403777e+02      1.33211385e+03      
5.67653777e+02      1.35778047e+03      
5.69752698e+02      1.33569425e+03      
5.71851619e+02      1.33889459e+03      
5.73950540e+02      1.37861852e+03      
5.76250000e+02      1.34775558e+03      
5.78750000e+02      1.33678885e+03      
5.81250000e+02      1.35316243e+03      
5.83750000e+02      1.36067755e+03      
5.86250000e+02      1.32570365e+03      
5.88750000e+02      1.26180982e+03      
5.91250000e+02      1.32299594e+03      
5.93750000e+02      1.31702024e+03      
5.96250000e+02      1.31048234e+03      
5.98750000e+02      1.29803979e+03      
6.01250000e+02      1.27547501e+03      
6.03750000e+02      1.29253425e+03      
6.05004234e+02      1.30212880e+03      
6.05012703e+02      1.30444298e+03      
6.05021172e+02      1.30470564e+03      
6.05029640e+02      1.29740456e+03      
6.06279640e+02      1.29552630e+03      
6.08771172e+02      1.28462661e+03      
6.11262703e+02      1.27151124e+03      
6.13754234e+02      1.24739696e+03      
6.16250000e+02      1.22599774e+03      
6.18750000e+02      1.25294512e+03      
6.21250000e+02      1.25241877e+03      
6.23750000e+02      1.21878924e+03      
6.26250000e+02      1.22723065e+03      
6.28750000e+02      1.24333402e+03      
6.31250000e+02      1.21196804e+03      
6.33750000e+02      1.21664532e+03      
6.36250000e+02      1.21138482e+03      
6.38750000e+02      1.21277047e+03      
6.41250000e+02      1.18445924e+03      
6.43750000e+02      1.19844594e+03      
6.46250000e+02      1.18083915e+03      
6.48750000e+02      1.17105253e+03      
6.51250000e+02      1.18106888e+03      
6.53750000e+02      1.16446510e+03      
6.56250000e+02      1.03302505e+03      
6.58750000e+02      1.13190076e+03      
6.61250000e+02      1.15214672e+03      
6.63750000e+02      1.13055852e+03      
6.65208336e+02      1.13069768e+03      
6.65625007e+02      1.13700337e+03      
6.66041679e+02      1.13225802e+03      
6.66458351e+02      1.10909204e+03      
6.67708351e+02      1.13152016e+03      
6.69791679e+02      1.13975559e+03      
6.71875007e+02      1.13574406e+03      
6.73958336e+02      1.13730060e+03      
6.76250000e+02      1.12466788e+03      
6.78750000e+02      1.11113428e+03      
6.81250000e+02      1.10252313e+03      
6.83750000e+02      1.09678581e+03      
6.85760623e+02      1.10270600e+03      
6.87281868e+02      1.11271710e+03      
6.88803113e+02      1.09783531e+03      
6.90324358e+02      1.08999737e+03      
6.91574358e+02      1.07664517e+03      
6.92553113e+02      1.07452664e+03      
6.93531868e+02      1.07587015e+03      
6.94510623e+02      1.07787955e+03      
6.96250000e+02      1.08731850e+03      
6.98750000e+02      1.07665339e+03      
7.01250000e+02      1.06103079e+03      
7.03750000e+02      1.06999962e+03      
7.06250000e+02      1.06296072e+03      
7.08750000e+02      1.05149381e+03      
7.11250000e+02      1.03806067e+03      
7.13750000e+02      1.02358566e+03      
7.16250000e+02      1.01505233e+03      
7.18750000e+02      1.00275603e+03      
7.21250000e+02      1.00438188e+03      
7.23750000e+02      1.00276435e+03      
7.26250000e+02      9.96919831e+02      
7.28750000e+02      9.76176760e+02      
7.31250000e+02      9.84095938e+02      
7.33750000e+02      9.83189441e+02      
7.36250000e+02      9.73678602e+02      
7.38750000e+02      9.56389665e+02      
7.41250000e+02      9.45926835e+02      
7.43750000e+02      9.57699882e+02      
7.45859962e+02      9.56012653e+02      
7.47579885e+02      9.59476857e+02      
7.49299808e+02      9.44824979e+02      
7.51019731e+02      9.41686814e+02      
7.52269731e+02      9.41477892e+02      
7.53049808e+02      9.43869220e+02      
7.53829885e+02      9.48518080e+02      
7.54609962e+02      9.43940965e+02      
7.56250000e+02      9.39783549e+02      
7.58750000e+02      9.30915970e+02      
7.61250000e+02      9.14538656e+02      
7.63750000e+02      9.22614176e+02      
7.66250000e+02      8.91864666e+02      
7.68750000e+02      9.03870279e+02      
7.71250000e+02      8.93798814e+02      
7.73750000e+02      8.92269242e+02      
7.75857604e+02      8.80812766e+02      
7.77572811e+02      8.77235052e+02      
7.79288018e+02      8.74482286e+02      
7.81003225e+02      8.71266590e+02      
7.82253225e+02      8.78940776e+02      
7.83038018e+02      8.65461148e+02      
7.83822811e+02      8.56917197e+02      
7.84607604e+02      8.67928307e+02      
7.86250000e+02      8.59766399e+02      
7.88750000e+02      8.64068485e+02      
7.91250000e+02      8.54643822e+02      
7.93750000e+02      8.30351623e+02      
7.96250000e+02      8.48174638e+02      
7.98750000e+02      8.41095438e+02      
8.01250000e+02      8.36782909e+02      
8.03750000e+02      8.30445449e+02      
8.06250000e+02      8.29409262e+02      
8.08750000e+02      8.20965969e+02      
8.11250000e+02      8.26825803e+02      
8.13750000e+02      8.28023417e+02      
8.16250000e+02      8.19278157e+02      
8.18750000e+02      7.97128163e+02      
8.21250000e+02      7.89606223e+02      
8.23750000e+02      7.98931910e+02      
8.26250000e+02      7.98464490e+02      
8.28750000e+02      7.90692593e+02      
8.31250000e+02      7.87202981e+02      
8.33750000e+02      7.62177366e+02      
8.35932497e+02      7.78185374e+02      
8.37797491e+02      7.70823273e+02      
8.39662485e+02      7.66596079e+02      
8.41527480e+02      7.68431474e+02      
8.42777480e+02      7.51723379e+02      
8.43412485e+02      7.46932113e+02      
8.44047491e+02      7.42015709e+02      
8.44682497e+02      7.63870057e+02      
8.46250000e+02      7.56615178e+02      
8.48750000e+02      7.30930138e+02      
8.51250000e+02      7.12389235e+02      
8.53750000e+02      6.35441939e+02      
8.56250000e+02      7.22478300e+02      
8.58750000e+02      7.26920099e+02      
8.61250000e+02      7.31158798e+02      
8.63750000e+02      7.40985219e+02      
8.66250000e+02      6.72487183e+02      
8.68750000e+02      7.24740539e+02      
8.71250000e+02      7.39018736e+02      
8.73750000e+02      7.24834290e+02      
8.76250000e+02      7.09774487e+02      
8.78750000e+02      7.13621381e+02      
8.81250000e+02      6.95936281e+02      
8.83750000e+02      6.98877601e+02      
8.85783196e+02      6.92013875e+02      
8.87349589e+02      6.81099554e+02      
8.88915982e+02      6.95368078e+02      
8.90482375e+02      6.97621519e+02      
8.91732375e+02      6.88734219e+02      
8.92665982e+02      6.72007044e+02      
8.93599589e+02      6.84651248e+02      
8.94533196e+02      6.71058934e+02      
8.96250000e+02      6.82504692e+02      
8.98750000e+02      6.76314104e+02      
9.01250000e+02      6.44128888e+02      
9.03750000e+02      6.72045597e+02      
9.06250000e+02      6.64729000e+02      
9.08750000e+02      6.46334839e+02      
9.11250000e+02      6.48454817e+02      
9.13750000e+02      6.58255032e+02      
9.16250000e+02      6.49642392e+02      
9.18750000e+02      6.46817757e+02      
9.21250000e+02      6.29392708e+02      
9.23750000e+02      6.15524323e+02      
9.26250000e+02      6.23967675e+02      
9.28750000e+02      6.32980226e+02      
9.31250000e+02      6.30939164e+02      
9.33750000e+02      6.29664320e+02      
9.36250000e+02      6.20574772e+02      
9.38750000e+02      6.20327245e+02      
9.41250000e+02      5.96778602e+02      
9.43750000e+02      6.05321902e+02      
9.46250000e+02      6.08371191e+02      
9.48750000e+02      6.09634915e+02      
9.51250000e+02      6.02869595e+02      
9.53750000e+02      5.89792471e+02      
9.55817304e+02      5.79797934e+02      
9.57451913e+02      5.90071769e+02      
9.59086521e+02      5.95988364e+02      
9.60721130e+02      5.85771370e+02      
9.61971130e+02      5.90740410e+02      
9.62836521e+02      5.80574982e+02      
9.63701913e+02      5.80548032e+02      
9.64567304e+02      5.83199489e+02      
9.66250000e+02      5.76964744e+02      
9.68750000e+02      5.78263284e+02      
9.71250000e+02      5.76985511e+02      
9.73750000e+02      5.68389272e+02      
9.76250000e+02      5.68479041e+02      
9.78750000e+02      5.64943452e+02      
9.81250000e+02      5.65473164e+02      
9.83750000e+02      5.61001929e+02      
9.86250000e+02      5.57660023e+02      
9.88750000e+02      5.52163404e+02      
9.91250000e+02      5.50870219e+02      
9.93750000e+02      5.51118951e+02      
9.96250000e+02      5.48144673e+02      
9.98750000e+02      5.44799647e+02      
1.00125000e+03      5.43378120e+02      
1.00375000e+03      5.29885310e+02      
1.00625000e+03      5.18384235e+02      
1.00875000e+03      5.33353699e+02      
1.01125000e+03      5.30723662e+02      
1.01375000e+03      5.25989916e+02      
1.01625000e+03      5.21070033e+02      
1.01875000e+03      5.15902704e+02      
1.02125000e+03      5.14467974e+02      
1.02375000e+03      5.17777526e+02      
1.02625000e+03      5.15378230e+02      
1.02875000e+03      5.11160118e+02      
1.03125000e+03      5.08669957e+02      
1.03375000e+03      4.99759161e+02      
1.03515868e+03      4.96522419e+02      
1.03547603e+03      5.02799590e+02      
1.03579339e+03      5.03752980e+02      
1.03611075e+03      5.04165875e+02      
1.03736075e+03      4.95275491e+02      
1.03954339e+03      4.97285435e+02      
1.04172603e+03      4.96231165e+02      
1.04390868e+03      4.94367816e+02      
1.04625000e+03      4.85701012e+02      
1.04875000e+03      4.90812482e+02      
1.05125000e+03      4.87610901e+02      
1.05375000e+03      4.84733522e+02      
1.05625000e+03      4.85253212e+02      
1.05875000e+03      4.75372337e+02      
1.06125000e+03      4.74461234e+02      
1.06375000e+03      4.75125148e+02      
1.06556484e+03      4.75722664e+02      
1.06669451e+03      4.65653661e+02      
1.06782418e+03      4.72413422e+02      
1.06895385e+03      4.47881141e+02      
1.07020385e+03      4.64231497e+02      
1.07157418e+03      4.67816462e+02      
1.07294451e+03      4.58587939e+02      
1.07431484e+03      4.63023594e+02      
1.07625000e+03      4.63343191e+02      
1.07875000e+03      4.59411264e+02      
1.08125000e+03      4.53638236e+02      
1.08375000e+03      4.50720397e+02      
1.08687500e+03      4.48596102e+02      
1.09062500e+03      4.49669301e+02      
1.09437500e+03      4.29158667e+02      
1.09812500e+03      4.35254695e+02      
1.10374294e+03      4.34660864e+02      
1.11122881e+03      4.30571541e+02      
1.11871468e+03      4.23566959e+02      
1.12620055e+03      4.14151805e+02      
1.13903128e+03      4.04124352e+02      
1.15720685e+03      3.92841620e+02      
1.17538242e+03      3.79586181e+02      
1.19355799e+03      3.66173799e+02      
1.21571375e+03      3.53890861e+02      
1.24184971e+03      3.38968093e+02      
1.26798566e+03      3.25682238e+02      
1.29412161e+03      3.09573791e+02      
1.32261778e+03      2.96610262e+02      
1.35347418e+03      2.82945770e+02      
1.38433059e+03      2.69784497e+02      
1.41518699e+03      2.55595130e+02      
1.44740644e+03      2.43587796e+02      
1.48098895e+03      2.30514705e+02      
1.51457146e+03      2.17419679e+02      
1.54815397e+03      2.06329590e+02      
1.58029753e+03      1.93627656e+02      
1.61100215e+03      1.84542094e+02      
1.64170676e+03      1.74155268e+02      
1.67241138e+03      1.63847219e+02      
1.70956790e+03      1.54321349e+02      
1.75317633e+03      1.41103511e+02      
1.79678476e+03      1.30240557e+02      
1.84039319e+03      1.20661748e+02      
1.88194796e+03      1.10496495e+02      
1.92144910e+03      1.03934008e+02      
1.96095023e+03      9.56452408e+01      
2.00045136e+03      8.95935967e+01      
2.04300708e+03      8.29695306e+01      
2.08861738e+03      7.69585023e+01      
2.13422769e+03      7.14057582e+01      
2.17983800e+03      6.53114733e+01      
2.23748645e+03      5.94051139e+01      
2.30717304e+03      5.28390545e+01      
2.37685964e+03      4.67879835e+01      
2.44654623e+03      4.23229483e+01      
2.50366265e+03      3.90956561e+01      
2.54820889e+03      3.66581941e+01      
2.59275514e+03      3.45286787e+01      
2.63730139e+03      3.24539825e+01      
2.69209120e+03      3.02274367e+01      
2.75712457e+03      2.79192953e+01      
2.82215795e+03      2.57315763e+01      
2.88719133e+03      2.37074225e+01      
2.95966840e+03      2.17328346e+01      
3.03958917e+03      1.98274093e+01      
3.11950994e+03      1.80859127e+01      
3.19943070e+03      1.65217503e+01      
3.28153443e+03      1.50943791e+01      
3.36582112e+03      1.37887245e+01      
3.45010781e+03      1.26198884e+01      
3.53439450e+03      1.15350267e+01      
3.63067350e+03      1.04664243e+01      
3.73894480e+03      9.43942356e+00      
3.84721610e+03      8.50924213e+00      
3.95548740e+03      7.74864372e+00      
4.02990538e+03      7.23498718e+00      
4.07047004e+03      6.91809300e+00      
4.11103469e+03      6.67522114e+00      
4.15159935e+03      6.39992197e+00      
4.21857828e+03      6.03678794e+00      
4.31197149e+03      5.60131871e+00      
4.40536469e+03      5.17653540e+00      
4.49875790e+03      4.79469120e+00      
4.58702880e+03      4.46203489e+00      
4.67017740e+03      4.17006816e+00      
4.75332600e+03      3.90653450e+00      
4.83647460e+03      3.66801026e+00      
4.90931845e+03      3.47098380e+00      
4.97185755e+03      3.30258570e+00      
5.03439665e+03      3.15370636e+00      
5.09693575e+03      3.00919892e+00      
5.16285533e+03      2.86771695e+00      
5.23215538e+03      2.73040071e+00      
5.30145544e+03      2.59884302e+00      
5.37075549e+03      2.47368148e+00      
5.44401556e+03      2.35201686e+00      
5.52123564e+03      2.23076947e+00      
5.59845573e+03      2.11782382e+00      
5.67567581e+03      2.01042021e+00      
5.75757587e+03      1.90470278e+00      
5.84415591e+03      1.80176009e+00      
5.93073595e+03      1.70450714e+00      
6.01731598e+03      1.61213610e+00      
6.10948187e+03      1.52207495e+00      
6.20723361e+03      1.43442710e+00      
6.30498534e+03      1.35220121e+00      
6.40273708e+03      1.27447576e+00      
6.50723028e+03      1.19864891e+00      
6.61846495e+03      1.12469145e+00      
6.72969961e+03      1.05607427e+00      
6.84093428e+03      9.90547146e-01      
6.96040857e+03      9.27660500e-01      
7.08812249e+03      8.66603258e-01      
7.21583641e+03      8.09466455e-01      
7.34355032e+03      7.57673764e-01      
7.46187353e+03      7.12890722e-01      
7.57080603e+03      6.73671131e-01      
7.67973852e+03      6.37913080e-01      
7.78867102e+03      6.03877031e-01      
7.90441173e+03      5.70596416e-01      
8.02696067e+03      5.38278153e-01      
8.14950961e+03      5.07916662e-01      
8.27205855e+03      4.78147060e-01      
8.41982520e+03      4.46853557e-01      
8.59280956e+03      4.14554666e-01      
8.76579392e+03      3.83709899e-01      
8.93877828e+03      3.57567192e-01      
9.07082057e+03      3.37814783e-01      
9.16192079e+03      3.23594123e-01      
9.25302100e+03      3.11414903e-01      
9.34412122e+03      2.98991150e-01      
9.46596241e+03      2.84439652e-01      
9.61854458e+03      2.68237609e-01      
9.77112675e+03      2.52434585e-01      
9.92370892e+03      2.37686080e-01      
1.00797873e+04      2.23666557e-01      
1.02393618e+04      2.10545905e-01      
1.03989363e+04      1.98322557e-01      
1.05585108e+04      1.86654449e-01      
1.07370822e+04      1.74884395e-01      
1.09346507e+04      1.63244370e-01      
1.11322191e+04      1.52306915e-01      
1.13297875e+04      1.41767942e-01      
1.15625002e+04      1.31023966e-01      
1.18303573e+04      1.20226352e-01      
1.20982144e+04      1.10176051e-01      
1.23660715e+04      1.00866981e-01      
1.26736112e+04      9.16789928e-02      
1.30208335e+04      8.27454715e-02      
1.33680558e+04      7.46784195e-02      
1.37152781e+04      6.77153845e-02      
1.40268412e+04      6.20352044e-02      
1.43027449e+04      5.73248960e-02      
1.45786486e+04      5.32017370e-02      
1.48545523e+04      4.93939420e-02      
1.51443729e+04      4.58012389e-02      
1.54481106e+04      4.24203366e-02      
1.57518482e+04      3.92858986e-02      
1.60555859e+04      3.62061299e-02      
1.64751008e+04      3.27405283e-02      
1.70103929e+04      2.90769625e-02      
1.75456851e+04      2.57486595e-02      
1.80809772e+04      2.29265381e-02      
1.85802979e+04      2.05939741e-02      
1.90436473e+04      1.86529224e-02      
1.95069966e+04      1.69757622e-02      
1.99703460e+04      1.54080068e-02      
2.05176771e+04      1.38572025e-02      
2.11489899e+04      1.23491852e-02      
2.17803028e+04      1.09978933e-02      
2.24116156e+04      9.76855407e-03      
2.31758368e+04      8.56366251e-03      
2.40729663e+04      7.41339760e-03      
2.49700959e+04      6.41511705e-03      
2.58672254e+04      5.56994737e-03      
2.68141952e+04      4.83325509e-03      
2.78110051e+04      4.19010042e-03      
2.88078151e+04      3.64598789e-03      
2.98046250e+04      3.16785580e-03      
3.09794371e+04      2.71991314e-03      
3.23322513e+04      2.30971589e-03      
3.36850655e+04      1.96319148e-03      
3.50378797e+04      1.65490428e-03      
3.69318190e+04      1.34545857e-03      
3.93668833e+04      1.06016382e-03      
4.18019476e+04      8.34984145e-04      
4.42370119e+04      6.53944436e-04      
4.75852261e+04      4.90876122e-04      
5.18465900e+04      3.55931073e-04      
5.61079540e+04      2.59778017e-04      
6.03693180e+04      1.86559055e-04      
6.71875000e+04      1.22973910e-04      
7.65625000e+04      7.59517463e-05      
8.59375000e+04      4.78119790e-05      
9.53125000e+04      3.30703126e-05      
1.00000000e+05      1.45932788e-05      
