Wavelength(nm)      SolarFlux(mW/m^2/nm)
1.00000000e+00      6.68404484e-03      
1.37500000e+00      5.34703968e-03      
2.12500000e+00      5.13584584e-02      
2.87500000e+00      6.57450785e-02      
3.62500000e+00      4.85069001e-02      
4.12500000e+00      6.09123722e-02      
4.37500000e+00      6.71151083e-02      
4.62500000e+00      6.71151083e-02      
4.87500000e+00      6.71151083e-02      
5.12500000e+00      1.15357158e-01      
5.37500000e+00      1.15357158e-01      
5.62500000e+00      1.15357158e-01      
5.87500000e+00      1.15357158e-01      
6.12500000e+00      1.02605091e-01      
6.37500000e+00      1.02605091e-01      
6.62500000e+00      1.02605091e-01      
6.87500000e+00      1.02605091e-01      
7.12500000e+00      1.07705918e-01      
7.37500000e+00      1.07705918e-01      
7.62500000e+00      1.07705918e-01      
7.87500000e+00      1.07705918e-01      
8.12500000e+00      6.56339067e-02      
8.37500000e+00      6.56339067e-02      
8.62500000e+00      6.56339067e-02      
8.87500000e+00      6.56339067e-02      
9.12500000e+00      7.36578994e-02      
9.37500000e+00      7.36578994e-02      
9.62500000e+00      7.36578994e-02      
9.87500000e+00      7.36578994e-02      
1.01250000e+01      2.55826078e-02      
1.03750000e+01      2.55826078e-02      
1.06250000e+01      2.55826078e-02      
1.08750000e+01      2.55826078e-02      
1.11250000e+01      1.83335483e-02      
1.13750000e+01      1.83335483e-02      
1.16250000e+01      1.83335483e-02      
1.18750000e+01      1.83335483e-02      
1.21000000e+01      1.18894265e-02      
1.23000001e+01      1.14866694e-02      
1.25000001e+01      1.14866694e-02      
1.27000002e+01      1.14866694e-02      
1.31125002e+01      1.11571719e-02      
1.37375002e+01      1.30149629e-02      
1.43625002e+01      3.52153228e-02      
1.49875002e+01      3.86225493e-02      
1.55875002e+01      4.24741916e-02      
1.61625003e+01      5.44346985e-02      
1.67375003e+01      6.63773940e-02      
1.73125004e+01      2.56022263e-01      
1.79625003e+01      1.95415109e-01      
1.86875002e+01      1.28078783e-01      
1.94125001e+01      1.31640566e-01      
2.01375000e+01      8.54259920e-02      
2.08250000e+01      6.05672731e-02      
2.14750001e+01      4.93210705e-02      
2.21250002e+01      6.31272646e-02      
2.27750003e+01      6.07097995e-02      
2.35875003e+01      3.91664227e-02      
2.45625002e+01      9.02532041e-02      
2.55375001e+01      1.41829382e-01      
2.65125000e+01      4.81537659e-02      
2.71250000e+01      6.93190703e-02      
2.73750000e+01      8.46639140e-02      
2.76250000e+01      8.46639140e-02      
2.78750000e+01      8.84483350e-02      
2.82500000e+01      1.03586019e-01      
2.87500000e+01      1.03586019e-01      
2.92500000e+01      2.96338413e-02      
2.97500000e+01      2.96338413e-02      
3.02500000e+01      6.28774984e-01      
3.07500000e+01      6.28774984e-01      
3.12500000e+01      1.22125562e-01      
3.17500000e+01      1.22125562e-01      
3.22500000e+01      1.69602488e-01      
3.27500000e+01      1.69602488e-01      
3.32500000e+01      1.66561610e-01      
3.37500000e+01      1.66561610e-01      
3.42500000e+01      7.12153882e-02      
3.47500000e+01      7.12153882e-02      
3.52500000e+01      6.12687761e-02      
3.57500000e+01      6.12687761e-02      
3.61250000e+01      7.86822137e-02      
3.63750000e+01      8.30355731e-02      
3.66250000e+01      8.30355731e-02      
3.68750000e+01      5.99216347e-02      
3.73750000e+01      1.36937578e-02      
3.81250000e+01      8.47914346e-03      
3.88750000e+01      5.86006514e-03      
3.96250000e+01      5.83652286e-03      
4.03750000e+01      9.78868263e-03      
4.11250000e+01      1.60672771e-02      
4.18750000e+01      1.43879280e-02      
4.26250000e+01      4.75063533e-03      
4.33750000e+01      1.10746795e-02      
4.41250000e+01      6.58856782e-03      
4.48750000e+01      4.51782837e-03      
4.56250000e+01      4.86246115e-03      
4.62500000e+01      1.61653700e-02      
4.67500000e+01      1.75782336e-02      
4.72500000e+01      6.98028516e-03      
4.77500000e+01      6.98028516e-03      
4.82500000e+01      1.16239993e-02      
4.87500000e+01      1.16239993e-02      
4.92500000e+01      4.13853613e-02      
4.97500000e+01      4.13853613e-02      
5.02500000e+01      1.68621560e-02      
5.07500000e+01      1.68621560e-02      
5.12500000e+01      5.77864810e-03      
5.17500000e+01      5.77864810e-03      
5.22500000e+01      1.01820348e-02      
5.27500000e+01      1.01820348e-02      
5.32500000e+01      7.50410082e-03      
5.37500000e+01      7.50410082e-03      
5.42500000e+01      4.83695701e-03      
5.47500000e+01      4.83695701e-03      
5.52500000e+01      2.16588949e-02      
5.57500000e+01      2.16588949e-02      
5.62500000e+01      6.60360872e-03      
5.67500000e+01      6.60360872e-03      
5.72500000e+01      6.57908552e-03      
5.77500000e+01      6.57908552e-03      
5.82500000e+01      3.72654628e-02      
5.87500000e+01      3.72654628e-02      
5.92500000e+01      7.77679886e-03      
5.97500000e+01      7.77679886e-03      
6.02500000e+01      3.19880690e-02      
6.07500000e+01      3.19880690e-02      
6.12500000e+01      9.72688415e-03      
6.17500000e+01      9.72688415e-03      
6.21250000e+01      3.57363919e-02      
6.23750000e+01      4.22387688e-02      
6.26250000e+01      4.22387688e-02      
6.28750000e+01      2.64654432e-02      
6.36250000e+01      8.62898025e-03      
6.48750000e+01      2.23435828e-03      
6.61250000e+01      1.79529481e-03      
6.73750000e+01      1.74212850e-03      
6.83750000e+01      5.43041858e-03      
6.91250000e+01      5.00306086e-03      
6.98750000e+01      6.89265557e-03      
7.06250000e+01      1.17122829e-02      
7.13750000e+01      5.13123548e-03      
7.21250000e+01      4.29286883e-03      
7.28750000e+01      4.26474889e-03      
7.36250000e+01      5.04687565e-03      
7.43750000e+01      6.21908486e-03      
7.51250000e+01      8.38562831e-03      
7.58750000e+01      1.42679278e-02      
7.66250000e+01      2.38659834e-02      
7.71250000e+01      2.26169348e-02      
7.73750000e+01      2.19924105e-02      
7.76250000e+01      2.19924105e-02      
7.78750000e+01      2.19924105e-02      
7.81250000e+01      3.06441973e-02      
7.83750000e+01      3.06441973e-02      
7.86250000e+01      3.06441973e-02      
7.88750000e+01      3.06441973e-02      
7.91250000e+01      1.43215519e-02      
7.93750000e+01      1.43215519e-02      
7.96250000e+01      1.43215519e-02      
7.98750000e+01      1.44915795e-02      
8.03750000e+01      1.48316346e-02      
8.11250000e+01      1.61787760e-02      
8.18750000e+01      1.95368202e-02      
8.26250000e+01      2.49057673e-02      
8.30749998e+01      3.35722543e-02      
8.32249994e+01      4.22387688e-02      
8.33749990e+01      4.22387688e-02      
8.35249987e+01      4.22387688e-02      
8.38999987e+01      3.75987552e-02      
8.44999990e+01      3.09286665e-02      
8.50999994e+01      3.32698115e-02      
8.56999998e+01      3.44403895e-02      
8.60625000e+01      3.55018037e-02      
8.61875000e+01      3.65101481e-02      
8.63125000e+01      3.65101481e-02      
8.64375000e+01      3.65101481e-02      
8.65625000e+01      3.65101481e-02      
8.66875000e+01      3.65101481e-02      
8.68125000e+01      3.65101481e-02      
8.69375000e+01      3.65101481e-02      
8.70625000e+01      4.34551198e-02      
8.71875000e+01      4.34551198e-02      
8.73125000e+01      4.34551198e-02      
8.74375000e+01      4.34551198e-02      
8.75625000e+01      4.34551198e-02      
8.76875000e+01      4.34551198e-02      
8.78125000e+01      4.34551198e-02      
8.79375000e+01      4.34551198e-02      
8.80625000e+01      4.96643954e-02      
8.81875000e+01      4.96643954e-02      
8.83125000e+01      4.96643954e-02      
8.84375000e+01      4.96643954e-02      
8.85625000e+01      4.96643954e-02      
8.86875000e+01      4.96643954e-02      
8.88125000e+01      4.96643954e-02      
8.89375000e+01      4.96643954e-02      
8.90625000e+01      6.04055593e-02      
8.91875000e+01      6.04055593e-02      
8.93125000e+01      6.04055593e-02      
8.94375000e+01      6.04055593e-02      
8.95625000e+01      6.04055593e-02      
8.96875000e+01      6.04055593e-02      
8.98125000e+01      6.04055593e-02      
8.99375000e+01      6.04055593e-02      
9.00625000e+01      7.11369139e-02      
9.01875000e+01      7.11369139e-02      
9.03125000e+01      7.11369139e-02      
9.04375000e+01      7.11369139e-02      
9.05749998e+01      7.11369139e-02      
9.07249994e+01      7.11369139e-02      
9.08749990e+01      7.11369139e-02      
9.10249987e+01      6.04690217e-02      
9.11499987e+01      5.43728508e-02      
9.12499990e+01      5.43728508e-02      
9.13499994e+01      5.43728508e-02      
9.14499998e+01      5.43728508e-02      
9.15625000e+01      5.43728508e-02      
9.16875000e+01      5.43728508e-02      
9.18125000e+01      5.43728508e-02      
9.19375000e+01      5.43728508e-02      
9.20375004e+01      2.44067864e-02      
9.21125011e+01      1.94125693e-02      
9.21875019e+01      1.94125693e-02      
9.22625027e+01      1.94125693e-02      
9.23500023e+01      1.94125693e-02      
9.24500008e+01      1.94125693e-02      
9.25499992e+01      1.94125693e-02      
9.26499977e+01      1.94125693e-02      
9.27374973e+01      1.94125693e-02      
9.28124981e+01      1.94125693e-02      
9.28874989e+01      1.94125693e-02      
9.29624996e+01      1.94125693e-02      
9.30375004e+01      1.69896766e-02      
9.31125011e+01      1.69896766e-02      
9.31875019e+01      1.69896766e-02      
9.32625027e+01      1.69896766e-02      
9.33625031e+01      1.69896766e-02      
9.34875031e+01      1.69896766e-02      
9.36125031e+01      1.69896766e-02      
9.37375031e+01      1.69896766e-02      
9.38500023e+01      1.69896766e-02      
9.39500008e+01      1.69896766e-02      
9.40499992e+01      1.21144634e-02      
9.41499977e+01      1.21144634e-02      
9.42749977e+01      1.21144634e-02      
9.44249992e+01      1.21144634e-02      
9.45750008e+01      1.21144634e-02      
9.47250023e+01      1.21144634e-02      
9.48375025e+01      1.21144634e-02      
9.49125013e+01      1.21144634e-02      
9.49875002e+01      1.04001279e-02      
9.50624990e+01      6.97145680e-03      
9.51374989e+01      6.97145680e-03      
9.52124996e+01      6.97145680e-03      
9.52875004e+01      6.97145680e-03      
9.53625011e+01      6.97145680e-03      
9.54250011e+01      6.97145680e-03      
9.54750004e+01      6.97145680e-03      
9.55249996e+01      6.97145680e-03      
9.55749989e+01      6.97145680e-03      
9.56124983e+01      6.97145680e-03      
9.56374979e+01      6.97145680e-03      
9.56624975e+01      6.97145680e-03      
9.56874971e+01      6.97145680e-03      
9.57499971e+01      6.97145680e-03      
9.58499975e+01      6.97145680e-03      
9.59499979e+01      6.97145680e-03      
9.60499983e+01      7.24905450e-03      
9.61624985e+01      7.24905949e-03      
9.62874985e+01      7.24905949e-03      
9.64124985e+01      7.24905949e-03      
9.65374985e+01      7.24905949e-03      
9.66124983e+01      7.24905949e-03      
9.66374979e+01      7.24905949e-03      
9.66624975e+01      7.24905949e-03      
9.66874971e+01      7.24905949e-03      
9.67499971e+01      7.24905949e-03      
9.68499975e+01      7.24905949e-03      
9.69499979e+01      7.24905949e-03      
9.70499983e+01      1.30166829e-01      
9.71499987e+01      1.30169174e-01      
9.72499990e+01      1.30169174e-01      
9.73499994e+01      1.30169174e-01      
9.74499998e+01      1.30169174e-01      
9.75625000e+01      1.30169174e-01      
9.76875000e+01      1.30169174e-01      
9.78125000e+01      1.30169174e-01      
9.79375000e+01      1.30169174e-01      
9.80625000e+01      1.47629696e-02      
9.81875000e+01      1.47629696e-02      
9.83125000e+01      1.47629696e-02      
9.84375000e+01      1.47629696e-02      
9.85124998e+01      1.47629696e-02      
9.85374994e+01      1.47629696e-02      
9.85624990e+01      1.47629696e-02      
9.85874987e+01      1.47629696e-02      
9.86249990e+01      1.47629696e-02      
9.86750002e+01      1.47629696e-02      
9.87250013e+01      1.47629696e-02      
9.87750025e+01      1.47629696e-02      
9.88375025e+01      1.47629696e-02      
9.89125013e+01      1.47629696e-02      
9.89875002e+01      1.74343641e-02      
9.90624990e+01      2.27771531e-02      
9.91249990e+01      2.27771531e-02      
9.91750002e+01      2.27771531e-02      
9.92250013e+01      2.27771531e-02      
9.92750025e+01      2.27771531e-02      
9.93875029e+01      2.27771531e-02      
9.95625025e+01      2.27771531e-02      
9.97375021e+01      2.27771531e-02      
9.99125017e+01      1.76579774e-02      
1.00300001e+02      9.22661076e-03      
1.00900002e+02      9.70530733e-03      
1.01500002e+02      1.06626897e-02      
1.02100002e+02      6.22821647e-02      
1.02475001e+02      9.81909140e-02      
1.02625001e+02      9.81909140e-02      
1.02775001e+02      9.81909140e-02      
1.02925000e+02      9.81909140e-02      
1.03062500e+02      1.01180412e-01      
1.03187500e+02      1.01329884e-01      
1.03312500e+02      1.01329884e-01      
1.03437500e+02      1.01329884e-01      
1.03625000e+02      1.01329884e-01      
1.03875000e+02      1.01329884e-01      
1.04125000e+02      1.47139232e-02      
1.04375000e+02      1.47139232e-02      
1.04650000e+02      1.47139232e-02      
1.04949999e+02      1.39618878e-02      
1.05249998e+02      1.24577883e-02      
1.05549997e+02      1.24577883e-02      
1.05862497e+02      1.24108620e-02      
1.06187498e+02      1.18594221e-02      
1.06512499e+02      1.18594221e-02      
1.06837500e+02      1.18594221e-02      
1.07125000e+02      1.25346652e-02      
1.07375000e+02      1.25853090e-02      
1.07625000e+02      1.25853090e-02      
1.07875000e+02      1.25853090e-02      
1.08125000e+02      2.11095751e-02      
1.08375000e+02      2.11095751e-02      
1.08625000e+02      2.11095751e-02      
1.08875000e+02      2.11095751e-02      
1.09125000e+02      1.42038405e-02      
1.09375000e+02      1.42038405e-02      
1.09625000e+02      1.42038405e-02      
1.09875000e+02      1.42038405e-02      
1.10125000e+02      1.51455316e-02      
1.10375000e+02      1.51455316e-02      
1.10625000e+02      1.51455316e-02      
1.10875000e+02      1.51455316e-02      
1.11013889e+02      1.46779532e-02      
1.11041667e+02      1.37428043e-02      
1.11069445e+02      1.37428043e-02      
1.11097223e+02      1.37428043e-02      
1.11222223e+02      1.37428043e-02      
1.11444445e+02      1.37428043e-02      
1.11666667e+02      1.37428043e-02      
1.11888889e+02      1.37862032e-02      
1.12125000e+02      1.51749594e-02      
1.12375000e+02      1.51749594e-02      
1.12625000e+02      1.51749594e-02      
1.12875000e+02      1.51749594e-02      
1.13125000e+02      1.16926643e-02      
1.13375000e+02      1.16926643e-02      
1.13625000e+02      1.16926643e-02      
1.13875000e+02      1.16926643e-02      
1.14125000e+02      7.91118603e-03      
1.14375000e+02      7.91118603e-03      
1.14625000e+02      7.91118603e-03      
1.14875000e+02      7.91118603e-03      
1.15087500e+02      1.25050879e-02      
1.15262499e+02      1.29972988e-02      
1.15437498e+02      1.29972988e-02      
1.15612497e+02      1.29972988e-02      
1.15774998e+02      1.29972988e-02      
1.15924999e+02      1.29972988e-02      
1.16075001e+02      1.46943046e-02      
1.16225002e+02      1.46943046e-02      
1.16387503e+02      1.46943046e-02      
1.16562502e+02      1.46943046e-02      
1.16737501e+02      1.46943046e-02      
1.16912500e+02      1.46943046e-02      
1.17075000e+02      6.14022061e-02      
1.17224999e+02      6.33483439e-02      
1.17374999e+02      6.33483439e-02      
1.17524999e+02      6.33483439e-02      
1.17687499e+02      6.33483439e-02      
1.17862500e+02      6.33483439e-02      
1.18037501e+02      2.99124136e-02      
1.18212502e+02      1.65384497e-02      
1.18387503e+02      1.65384497e-02      
1.18562502e+02      1.65384497e-02      
1.18737501e+02      1.65384497e-02      
1.18912500e+02      1.78800383e-02      
1.19100000e+02      5.54420625e-02      
1.19300001e+02      5.54420625e-02      
1.19500002e+02      5.54420625e-02      
1.19700003e+02      5.40257386e-02      
1.19887503e+02      6.03495115e-02      
1.20062502e+02      6.03256013e-02      
1.20237501e+02      5.44626447e-02      
1.20412500e+02      1.60146684e-01      
1.20587500e+02      4.03399535e-01      
1.20762499e+02      2.97209070e-01      
1.20937498e+02      1.08334366e-01      
1.21112497e+02      2.20465734e-01      
1.21299997e+02      5.53913822e+00      
1.21499998e+02      2.28579605e+01      
1.21699999e+02      1.51015065e+01      
1.21900000e+02      1.55834054e+00      
1.22087500e+02      1.49052117e-01      
1.22262499e+02      6.98507289e-02      
1.22437498e+02      5.02180358e-02      
1.22612497e+02      4.23142646e-02      
1.22799997e+02      3.94127917e-02      
1.22999998e+02      3.43877189e-02      
1.23199999e+02      3.04970699e-02      
1.23400000e+02      2.93892446e-02      
1.23587500e+02      3.36525660e-02      
1.23762499e+02      6.04502171e-02      
1.23937498e+02      6.45200214e-02      
1.24112497e+02      4.83280523e-02      
1.24299997e+02      4.59101231e-02      
1.24499998e+02      2.78462403e-02      
1.24699999e+02      2.28139400e-02      
1.24900000e+02      2.27612123e-02      
1.25100000e+02      2.35606742e-02      
1.25300001e+02      2.80472214e-02      
1.25500002e+02      3.02260689e-02      
1.25700003e+02      3.32388834e-02      
1.25900002e+02      5.15246929e-02      
1.26100001e+02      4.91382365e-02      
1.26300000e+02      4.86773362e-02      
1.26499999e+02      7.86165432e-02      
1.26699999e+02      4.02182635e-02      
1.26900000e+02      1.83004550e-02      
1.27100000e+02      1.71564340e-02      
1.27300001e+02      1.94898484e-02      
1.27500001e+02      2.79405422e-02      
1.27700000e+02      3.09617757e-02      
1.27899999e+02      2.87865904e-02      
1.28099998e+02      2.22831117e-02      
1.28299997e+02      1.53957099e-02      
1.28499998e+02      1.47053232e-02      
1.28699999e+02      2.13179648e-02      
1.28900000e+02      2.63593321e-02      
1.29112499e+02      1.91015043e-02      
1.29337498e+02      1.91345620e-02      
1.29562496e+02      2.62277875e-02      
1.29787495e+02      3.01786673e-02      
1.29999994e+02      8.20955741e-02      
1.30199995e+02      1.92872925e-01      
1.30399996e+02      2.80531064e-01      
1.30599997e+02      2.71975058e-01      
1.30812498e+02      9.23720580e-02      
1.31037500e+02      4.70289342e-02      
1.31262503e+02      2.89012775e-02      
1.31487505e+02      2.52046326e-02      
1.31700005e+02      3.07372944e-02      
1.31900002e+02      2.82237072e-02      
1.32099998e+02      2.00808378e-02      
1.32299995e+02      2.13963667e-02      
1.32512495e+02      2.16631234e-02      
1.32737497e+02      2.63813935e-02      
1.32962500e+02      3.16654458e-02      
1.33187502e+02      9.25228548e-02      
1.33412502e+02      5.17595408e-01      
1.33637501e+02      4.05274466e-01      
1.33862499e+02      4.70934547e-02      
1.34087498e+02      2.06300037e-02      
1.34312498e+02      2.10921370e-02      
1.34537500e+02      2.13885969e-02      
1.34762503e+02      2.29886741e-02      
1.34987505e+02      3.44428948e-02      
1.35212505e+02      4.18670737e-02      
1.35437504e+02      5.16494849e-02      
1.35662502e+02      5.73885350e-02      
1.35887501e+02      4.45797048e-02      
1.36125000e+02      3.37610254e-02      
1.36375000e+02      3.13583131e-02      
1.36625000e+02      2.89001070e-02      
1.36875000e+02      3.29254786e-02      
1.37112499e+02      3.73457935e-02      
1.37337498e+02      3.34366358e-02      
1.37562496e+02      2.94322278e-02      
1.37787495e+02      3.11332423e-02      
1.38024994e+02      3.48100912e-02      
1.38274994e+02      3.29102172e-02      
1.38524994e+02      3.25991233e-02      
1.38774994e+02      3.50919905e-02      
1.39137495e+02      1.17519331e-01      
1.39612497e+02      1.03201474e-01      
1.40087500e+02      1.02319455e-01      
1.40562502e+02      7.39305503e-02      
1.41050003e+02      4.95352777e-02      
1.41550003e+02      4.92254225e-02      
1.42050003e+02      4.93902619e-02      
1.42550003e+02      6.05011336e-02      
1.42807146e+02      5.14439151e-02      
1.42821433e+02      4.97231767e-02      
1.42835719e+02      4.95466840e-02      
1.42850006e+02      5.09609247e-02      
1.43112505e+02      6.34072435e-02      
1.43623216e+02      5.98010417e-02      
1.44133927e+02      5.69713342e-02      
1.44644638e+02      6.00127968e-02      
1.45162495e+02      6.02227552e-02      
1.45687496e+02      6.50383295e-02      
1.46212498e+02      7.07697298e-02      
1.46737499e+02      8.39682333e-02      
1.47275000e+02      1.11035316e-01      
1.47824999e+02      8.28228572e-02      
1.48374998e+02      1.01010214e-01      
1.48924997e+02      8.74099930e-02      
1.49487497e+02      8.73705294e-02      
1.50062498e+02      9.45507814e-02      
1.50637499e+02      9.61569725e-02      
1.51212500e+02      1.04545619e-01      
1.51787500e+02      1.01526074e-01      
1.52362501e+02      1.27870544e-01      
1.52937502e+02      1.44477977e-01      
1.53512503e+02      1.58686571e-01      
1.54100002e+02      1.35599396e-01      
1.54700001e+02      3.39062453e-01      
1.55299999e+02      2.23214513e-01      
1.55899998e+02      2.40177423e-01      
1.56512497e+02      1.82177502e-01      
1.57137497e+02      2.01682572e-01      
1.57762497e+02      1.82794246e-01      
1.58387497e+02      1.78567710e-01      
1.59024998e+02      1.90467689e-01      
1.59674999e+02      1.82350809e-01      
1.60325001e+02      2.02207026e-01      
1.60975002e+02      2.36569896e-01      
1.61625002e+02      2.36856337e-01      
1.62275000e+02      2.74908907e-01      
1.62924997e+02      2.84733179e-01      
1.63574995e+02      3.15419736e-01      
1.64245829e+02      3.65609287e-01      
1.64937498e+02      2.97241343e-01      
1.65629167e+02      6.28664358e-01      
1.66320837e+02      3.88010683e-01      
1.66670837e+02      3.64886990e-01      
1.66679169e+02      3.62060603e-01      
1.66687500e+02      3.62060603e-01      
1.66695831e+02      3.74962286e-01      
1.67049997e+02      4.55743055e-01      
1.67749998e+02      4.09831775e-01      
1.68449999e+02      4.70719257e-01      
1.69150000e+02      5.73506095e-01      
1.69862499e+02      6.88630183e-01      
1.70587498e+02      7.21046390e-01      
1.71312496e+02      7.18617788e-01      
1.72037495e+02      7.81746047e-01      
1.72587494e+02      8.03559808e-01      
1.72962494e+02      7.41622241e-01      
1.73337494e+02      7.68235734e-01      
1.73712494e+02      8.18119442e-01      
1.74087494e+02      9.08468399e-01      
1.74462494e+02      9.82138166e-01      
1.74837494e+02      9.58503291e-01      
1.75212494e+02      1.09754382e+00      
1.75599995e+02      1.19492546e+00      
1.75999996e+02      1.24823078e+00      
1.76399998e+02      1.18772055e+00      
1.76799999e+02      1.33541065e+00      
1.77200001e+02      1.57671940e+00      
1.77600002e+02      1.41370141e+00      
1.78000004e+02      1.61295367e+00      
1.78400005e+02      1.63907041e+00      
1.78800005e+02      1.72606721e+00      
1.79200003e+02      1.69308046e+00      
1.79600000e+02      1.59958743e+00      
1.79999998e+02      1.77891272e+00      
1.80399998e+02      1.90060895e+00      
1.80799999e+02      2.30885874e+00      
1.81200001e+02      1.93107963e+00      
1.81600002e+02      2.93337466e+00      
1.82012503e+02      2.47491971e+00      
1.82437502e+02      2.43968352e+00      
1.82862501e+02      2.26854089e+00      
1.83287500e+02      2.46172610e+00      
1.83712500e+02      2.53131411e+00      
1.84137499e+02      2.25994362e+00      
1.84562498e+02      2.13588615e+00      
1.84987497e+02      2.04910088e+00      
1.85412497e+02      2.51728615e+00      
1.85837496e+02      2.61359941e+00      
1.86262495e+02      2.67752872e+00      
1.86687494e+02      2.94752502e+00      
1.87124994e+02      3.34524145e+00      
1.87574995e+02      3.24747319e+00      
1.88024996e+02      3.12916012e+00      
1.88474997e+02      3.53673417e+00      
1.88924997e+02      3.75640734e+00      
1.89374998e+02      4.03853649e+00      
1.89824999e+02      3.65684689e+00      
1.90275000e+02      3.89575590e+00      
1.90725000e+02      4.18447647e+00      
1.91175001e+02      4.21107062e+00      
1.91625002e+02      4.53112572e+00      
1.92075003e+02      4.76397998e+00      
1.92537502e+02      4.61449492e+00      
1.93012501e+02      3.90027152e+00      
1.93487499e+02      3.24563311e+00      
1.93962498e+02      4.76771460e+00      
1.94437498e+02      5.93017561e+00      
1.94912500e+02      5.99460522e+00      
1.95387503e+02      5.68804366e+00      
1.95862505e+02      5.93993246e+00      
1.96337505e+02      6.07706779e+00      
1.96812504e+02      7.08323066e+00      
1.97287502e+02      6.62033444e+00      
1.97762501e+02      6.41806030e+00      
1.98250000e+02      6.79245624e+00      
1.98750000e+02      6.26440375e+00      
1.99250000e+02      7.01952229e+00      
1.99750000e+02      7.10917919e+00      
2.00000000e+02      7.26436210e+00      
2.00000001e+02      7.28044919e+00      
2.00000002e+02      7.28044919e+00      
2.00000003e+02      7.30752617e+00      
2.00250003e+02      7.61344334e+00      
2.00750002e+02      7.89176516e+00      
2.01250001e+02      8.26608645e+00      
2.01750000e+02      8.63440914e+00      
2.02262501e+02      8.61059891e+00      
2.02787502e+02      8.65851860e+00      
2.03312504e+02      9.46988205e+00      
2.03837505e+02      9.77958059e+00      
2.04362505e+02      1.07180959e+01      
2.04887503e+02      1.10010628e+01      
2.05412500e+02      1.11105536e+01      
2.05937498e+02      1.10589850e+01      
2.06462498e+02      1.13862377e+01      
2.06987499e+02      1.22753345e+01      
2.07512501e+02      1.33646811e+01      
2.08037502e+02      1.39250972e+01      
2.08575003e+02      1.56892530e+01      
2.09125002e+02      1.92170174e+01      
2.09675001e+02      2.34127129e+01      
2.10225000e+02      2.69183969e+01      
2.10787500e+02      3.01651994e+01      
2.11362501e+02      3.33093580e+01      
2.11937502e+02      3.91714299e+01      
2.12512503e+02      2.98259394e+01      
2.13087503e+02      3.17885036e+01      
2.13662504e+02      3.36129612e+01      
2.14237505e+02      4.24386484e+01      
2.14812506e+02      4.03831051e+01      
2.15387505e+02      3.90795357e+01      
2.15962502e+02      3.38085397e+01      
2.16537498e+02      3.30561021e+01      
2.17112495e+02      3.34321539e+01      
2.17724995e+02      3.66764444e+01      
2.18374996e+02      4.85633518e+01      
2.19024998e+02      4.45871680e+01      
2.19674999e+02      5.05524894e+01      
2.20275000e+02      5.19710245e+01      
2.20824999e+02      4.38357593e+01      
2.21374998e+02      3.90808774e+01      
2.21924997e+02      4.29848982e+01      
2.22512497e+02      5.05138099e+01      
2.23137497e+02      5.97110769e+01      
2.23762497e+02      6.77461942e+01      
2.24387497e+02      5.92044560e+01      
2.25024998e+02      5.87726653e+01      
2.25674999e+02      5.14614666e+01      
2.26325001e+02      4.22854610e+01      
2.26975002e+02      3.42632221e+01      
2.27625002e+02      4.07989389e+01      
2.28275000e+02      5.37673151e+01      
2.28924997e+02      4.98927508e+01      
2.29574995e+02      4.85125945e+01      
2.30237495e+02      4.88474604e+01      
2.30912498e+02      5.52635209e+01      
2.31587502e+02      5.13021622e+01      
2.32262505e+02      5.51512618e+01      
2.32937506e+02      4.91263255e+01      
2.33612505e+02      4.40885090e+01      
2.34287504e+02      3.83841118e+01      
2.34962503e+02      4.33107520e+01      
2.35587884e+02      5.56725226e+01      
2.36163647e+02      4.85940753e+01      
2.36739410e+02      4.76185237e+01      
2.37315172e+02      5.28007703e+01      
2.37665173e+02      4.96262837e+01      
2.37789411e+02      5.42675087e+01      
2.37913649e+02      4.70290245e+01      
2.38037887e+02      3.91368756e+01      
2.38462505e+02      4.12151736e+01      
2.39187504e+02      4.67858268e+01      
2.39912502e+02      4.11991756e+01      
2.40637501e+02      3.96630099e+01      
2.41362499e+02      4.56374209e+01      
2.42087498e+02      6.76968797e+01      
2.42812496e+02      7.17577239e+01      
2.43537495e+02      6.61826889e+01      
2.44274994e+02      6.56054216e+01      
2.45024994e+02      5.39985652e+01      
2.45774994e+02      5.01378665e+01      
2.46524994e+02      4.95407251e+01      
2.47287495e+02      5.60893793e+01      
2.48062496e+02      5.08790599e+01      
2.48837498e+02      4.33460666e+01      
2.49612499e+02      6.01496720e+01      
2.50400000e+02      6.06955811e+01      
2.51199999e+02      5.22189332e+01      
2.51999998e+02      4.16467881e+01      
2.52799997e+02      4.28053350e+01      
2.53599997e+02      5.31201889e+01      
2.54399996e+02      5.87163152e+01      
2.55199995e+02      7.21752010e+01      
2.55999994e+02      8.76648098e+01      
2.56812496e+02      1.13807925e+02      
2.57637501e+02      1.24120051e+02      
2.58462505e+02      1.26643455e+02      
2.59287510e+02      1.19322471e+02      
2.60137512e+02      8.99006814e+01      
2.61012512e+02      8.13470801e+01      
2.61887512e+02      1.00981311e+02      
2.62762512e+02      1.04196974e+02      
2.63637512e+02      1.80778303e+02      
2.64512512e+02      2.53736292e+02      
2.65387512e+02      2.53443538e+02      
2.66262512e+02      2.57392708e+02      
2.67150009e+02      2.52092614e+02      
2.68050003e+02      2.53890413e+02      
2.68949997e+02      2.43847336e+02      
2.69849991e+02      2.53536085e+02      
2.70762489e+02      2.70311531e+02      
2.71687492e+02      2.15462275e+02      
2.72612495e+02      2.06383437e+02      
2.73537498e+02      2.09558459e+02      
2.74125601e+02      1.50263405e+02      
2.74376802e+02      1.27492726e+02      
2.74628003e+02      1.36928590e+02      
2.74879204e+02      1.30978240e+02      
2.75354202e+02      1.72480313e+02      
2.76052998e+02      2.26350349e+02      
2.76751794e+02      2.56369365e+02      
2.77450590e+02      2.47929239e+02      
2.78287491e+02      1.75551510e+02      
2.79262497e+02      1.05270372e+02      
2.80237503e+02      8.30495136e+01      
2.81212509e+02      1.75144826e+02      
2.82113240e+02      2.74457314e+02      
2.82939697e+02      3.18493816e+02      
2.83766153e+02      3.14969317e+02      
2.84592609e+02      2.52223207e+02      
2.85092609e+02      1.52213492e+02      
2.85266153e+02      1.12426338e+02      
2.85439697e+02      1.24452107e+02      
2.85613240e+02      1.85503262e+02      
2.86225010e+02      3.14671780e+02      
2.87275005e+02      3.57348203e+02      
2.88325001e+02      3.12332747e+02      
2.89374996e+02      4.51727225e+02      
2.90424995e+02      6.07627430e+02      
2.91474998e+02      5.87504879e+02      
2.92525002e+02      5.21114558e+02      
2.93575005e+02      5.44642771e+02      
2.94650005e+02      5.14069823e+02      
2.95750004e+02      5.69551816e+02      
2.96850002e+02      4.74560265e+02      
2.97950001e+02      5.21650038e+02      
2.99062500e+02      4.81375003e+02      
3.00187500e+02      4.42279953e+02      
3.01312500e+02      4.69158258e+02      
3.02437500e+02      4.78849808e+02      
3.03513304e+02      6.32312730e+02      
3.04539913e+02      6.08189580e+02      
3.05566522e+02      5.98372524e+02      
3.06593131e+02      5.70436623e+02      
3.07180632e+02      6.28009677e+02      
3.07329027e+02      6.34824593e+02      
3.07477421e+02      6.43801543e+02      
3.07625815e+02      6.30327203e+02      
3.08300011e+02      6.36789154e+02      
3.09500008e+02      5.15084183e+02      
3.10700005e+02      6.80990502e+02      
3.11900002e+02      7.01344326e+02      
3.13125000e+02      6.91660781e+02      
3.14375000e+02      6.88087044e+02      
3.15625000e+02      6.26849540e+02      
3.16875000e+02      7.26604956e+02      
3.18125000e+02      6.98136025e+02      
3.19375000e+02      7.15988526e+02      
3.20625000e+02      7.97180386e+02      
3.21875000e+02      7.12207715e+02      
3.23125000e+02      6.54893689e+02      
3.24375000e+02      7.65569818e+02      
3.25625000e+02      9.13998421e+02      
3.26875000e+02      9.84959211e+02      
3.27713409e+02      9.63825249e+02      
3.28140227e+02      9.28746983e+02      
3.28567045e+02      9.26306040e+02      
3.28993862e+02      9.92197008e+02      
3.29618862e+02      1.10465618e+03      
3.30442045e+02      1.03354262e+03      
3.31265227e+02      9.79620509e+02      
3.32088409e+02      9.76386768e+02      
3.33125000e+02      9.49032258e+02      
3.34375000e+02      9.67693842e+02      
3.35625000e+02      9.29981469e+02      
3.36875000e+02      8.20545358e+02      
3.37962972e+02      9.08564156e+02      
3.38888917e+02      9.64150282e+02      
3.39814862e+02      1.01654344e+03      
3.40740807e+02      9.99339163e+02      
3.41365807e+02      9.34166051e+02      
3.41689862e+02      9.18045458e+02      
3.42013917e+02      1.01849300e+03      
3.42337972e+02      9.94235899e+02      
3.42812500e+02      1.03299656e+03      
3.43437500e+02      1.01068683e+03      
3.44062500e+02      8.11726257e+02      
3.44687500e+02      8.90066160e+02      
3.46250000e+02      9.50067827e+02      
3.48750000e+02      9.10909203e+02      
3.51250000e+02      1.02201058e+03      
3.53750000e+02      1.05706037e+03      
3.56250000e+02      9.69923080e+02      
3.58750000e+02      8.67472015e+02      
3.61250000e+02      9.56833280e+02      
3.63750000e+02      1.04267745e+03      
3.66250000e+02      1.22251259e+03      
3.68750000e+02      1.19127061e+03      
3.71250000e+02      1.16239516e+03      
3.73750000e+02      9.73967016e+02      
3.76250000e+02      1.11473887e+03      
3.78750000e+02      1.24427664e+03      
3.81250000e+02      1.10089495e+03      
3.83750000e+02      7.87136133e+02      
3.85625050e+02      1.01251732e+03      
3.86875151e+02      1.02545006e+03      
3.88125252e+02      1.01187363e+03      
3.89375353e+02      1.13521496e+03      
3.90625353e+02      1.24533977e+03      
3.91875252e+02      1.23335882e+03      
3.93125151e+02      7.24534969e+02      
3.94375050e+02      1.01780337e+03      
3.96250000e+02      9.65370270e+02      
3.98750000e+02      1.45916632e+03      
4.01250000e+02      1.71507117e+03      
4.03750000e+02      1.69668916e+03      
4.06250000e+02      1.63720901e+03      
4.08750000e+02      1.68016429e+03      
4.11250000e+02      1.68785475e+03      
4.13750000e+02      1.74419226e+03      
4.16250000e+02      1.75415937e+03      
4.18750000e+02      1.71256893e+03      
4.21250000e+02      1.75819286e+03      
4.23750000e+02      1.69651670e+03      
4.26250000e+02      1.68745680e+03      
4.28750000e+02      1.59049522e+03      
4.31250000e+02      1.44947594e+03      
4.33750000e+02      1.62150364e+03      
4.36250000e+02      1.78205203e+03      
4.38750000e+02      1.73479144e+03      
4.41250000e+02      1.86946665e+03      
4.43750000e+02      1.93792952e+03      
4.45625561e+02      1.86251692e+03      
4.46876683e+02      1.94155939e+03      
4.48127805e+02      2.00449151e+03      
4.49378927e+02      2.00639751e+03      
4.50628927e+02      2.12308226e+03      
4.51877805e+02      2.09114246e+03      
4.53126683e+02      1.89477495e+03      
4.54375561e+02      2.04649317e+03      
4.56250000e+02      2.07038031e+03      
4.58750000e+02      2.04831884e+03      
4.61250000e+02      2.06467491e+03      
4.63750000e+02      2.05777644e+03      
4.66250000e+02      1.99657206e+03      
4.68750000e+02      2.01669033e+03      
4.71250000e+02      1.98603715e+03      
4.73750000e+02      2.05043961e+03      
4.76250000e+02      2.04214374e+03      
4.78750000e+02      2.07533861e+03      
4.81250000e+02      2.07632009e+03      
4.83750000e+02      2.02749669e+03      
4.86250000e+02      1.76137523e+03      
4.88750000e+02      1.94150439e+03      
4.91250000e+02      1.95151801e+03      
4.93750000e+02      1.96857192e+03      
4.96250000e+02      1.98861891e+03      
4.98750000e+02      1.94035506e+03      
5.01250000e+02      1.83630408e+03      
5.03750000e+02      1.90817221e+03      
5.06250000e+02      1.94667156e+03      
5.08750000e+02      1.84939904e+03      
5.11250000e+02      1.91960880e+03      
5.13750000e+02      1.81701375e+03      
5.16250000e+02      1.72722484e+03      
5.18750000e+02      1.73079869e+03      
5.21250000e+02      1.85060056e+03      
5.23750000e+02      1.82803493e+03      
5.26250000e+02      1.77967150e+03      
5.28750000e+02      1.86764315e+03      
5.31250000e+02      1.89961870e+03      
5.33750000e+02      1.80511374e+03      
5.35626888e+02      1.89816576e+03      
5.36880663e+02      1.83940626e+03      
5.38134438e+02      1.87527104e+03      
5.39388214e+02      1.84028427e+03      
5.40638214e+02      1.76180685e+03      
5.41884438e+02      1.84465730e+03      
5.43130663e+02      1.81412846e+03      
5.44376888e+02      1.86955206e+03      
5.45563869e+02      1.87711094e+03      
5.46691608e+02      1.88238892e+03      
5.47819347e+02      1.83761912e+03      
5.48947086e+02      1.85847265e+03      
5.50197086e+02      1.87214781e+03      
5.51569347e+02      1.85645037e+03      
5.52941608e+02      1.83460462e+03      
5.54313869e+02      1.88106105e+03      
5.56250000e+02      1.83887925e+03      
5.58750000e+02      1.77970355e+03      
5.61250000e+02      1.79518868e+03      
5.63750000e+02      1.83324707e+03      
5.65200540e+02      1.81127616e+03      
5.65601619e+02      1.77980789e+03      
5.66002698e+02      1.69901874e+03      
5.66403777e+02      1.77615179e+03      
5.67653777e+02      1.81037396e+03      
5.69752698e+02      1.78092566e+03      
5.71851619e+02      1.78519279e+03      
5.73950540e+02      1.83815803e+03      
5.76250000e+02      1.79700745e+03      
5.78750000e+02      1.78238513e+03      
5.81250000e+02      1.80421657e+03      
5.83750000e+02      1.81423674e+03      
5.86250000e+02      1.76760487e+03      
5.88750000e+02      1.68241310e+03      
5.91250000e+02      1.76399459e+03      
5.93750000e+02      1.75602698e+03      
5.96250000e+02      1.74730978e+03      
5.98750000e+02      1.73071972e+03      
6.01250000e+02      1.70063334e+03      
6.03750000e+02      1.72337900e+03      
6.05004234e+02      1.73617173e+03      
6.05012703e+02      1.73925731e+03      
6.05021172e+02      1.73960752e+03      
6.05029640e+02      1.72987275e+03      
6.06279640e+02      1.72736840e+03      
6.08771172e+02      1.71283548e+03      
6.11262703e+02      1.69534832e+03      
6.13754234e+02      1.66319595e+03      
6.16250000e+02      1.63466365e+03      
6.18750000e+02      1.67059350e+03      
6.21250000e+02      1.66989169e+03      
6.23750000e+02      1.62505233e+03      
6.26250000e+02      1.63630753e+03      
6.28750000e+02      1.65777870e+03      
6.31250000e+02      1.61595738e+03      
6.33750000e+02      1.62219376e+03      
6.36250000e+02      1.61517976e+03      
6.38750000e+02      1.61702730e+03      
6.41250000e+02      1.57927899e+03      
6.43750000e+02      1.59792792e+03      
6.46250000e+02      1.57445221e+03      
6.48750000e+02      1.56140338e+03      
6.51250000e+02      1.57475851e+03      
6.53750000e+02      1.55262013e+03      
6.56250000e+02      1.37736673e+03      
6.58750000e+02      1.50920102e+03      
6.61250000e+02      1.53619562e+03      
6.63750000e+02      1.50741137e+03      
6.65208336e+02      1.50759690e+03      
6.65625007e+02      1.51600450e+03      
6.66041679e+02      1.50967735e+03      
6.66458351e+02      1.47878939e+03      
6.67708351e+02      1.50869354e+03      
6.69791679e+02      1.51967413e+03      
6.71875007e+02      1.51432541e+03      
6.73958336e+02      1.51640079e+03      
6.76250000e+02      1.49955718e+03      
6.78750000e+02      1.48151238e+03      
6.81250000e+02      1.47003085e+03      
6.83750000e+02      1.46238108e+03      
6.85760623e+02      1.47027467e+03      
6.87281868e+02      1.48362281e+03      
6.88803113e+02      1.46378042e+03      
6.90324358e+02      1.45332983e+03      
6.91574358e+02      1.43552690e+03      
6.92553113e+02      1.43270218e+03      
6.93531868e+02      1.43449353e+03      
6.94510623e+02      1.43717273e+03      
6.96250000e+02      1.44975801e+03      
6.98750000e+02      1.43553785e+03      
7.01250000e+02      1.41470772e+03      
7.03750000e+02      1.42666616e+03      
7.06250000e+02      1.41728096e+03      
7.08750000e+02      1.40199175e+03      
7.11250000e+02      1.38408089e+03      
7.13750000e+02      1.36478088e+03      
7.16250000e+02      1.35340311e+03      
7.18750000e+02      1.33700804e+03      
7.21250000e+02      1.33917585e+03      
7.23750000e+02      1.33701914e+03      
7.26250000e+02      1.32922644e+03      
7.28750000e+02      1.30156901e+03      
7.31250000e+02      1.31212792e+03      
7.33750000e+02      1.31091925e+03      
7.36250000e+02      1.29823814e+03      
7.38750000e+02      1.27518622e+03      
7.41250000e+02      1.26123578e+03      
7.43750000e+02      1.27693318e+03      
7.45859962e+02      1.27468354e+03      
7.47579885e+02      1.27930248e+03      
7.49299808e+02      1.25976664e+03      
7.51019731e+02      1.25558242e+03      
7.52269731e+02      1.25530386e+03      
7.53049808e+02      1.25849229e+03      
7.53829885e+02      1.26469077e+03      
7.54609962e+02      1.25858795e+03      
7.56250000e+02      1.25304473e+03      
7.58750000e+02      1.24122129e+03      
7.61250000e+02      1.21938487e+03      
7.63750000e+02      1.23015223e+03      
7.66250000e+02      1.18915289e+03      
7.68750000e+02      1.20516037e+03      
7.71250000e+02      1.19173175e+03      
7.73750000e+02      1.18969232e+03      
7.75857604e+02      1.17441702e+03      
7.77572811e+02      1.16964674e+03      
7.79288018e+02      1.16597638e+03      
7.81003225e+02      1.16168879e+03      
7.82253225e+02      1.17192103e+03      
7.83038018e+02      1.15394820e+03      
7.83822811e+02      1.14255626e+03      
7.84607604e+02      1.15723774e+03      
7.86250000e+02      1.14635520e+03      
7.88750000e+02      1.15209131e+03      
7.91250000e+02      1.13952510e+03      
7.93750000e+02      1.10713550e+03      
7.96250000e+02      1.13089952e+03      
7.98750000e+02      1.12146058e+03      
8.01250000e+02      1.11571055e+03      
8.03750000e+02      1.10726060e+03      
8.06250000e+02      1.10587902e+03      
8.08750000e+02      1.09462129e+03      
8.11250000e+02      1.10243440e+03      
8.13750000e+02      1.10403122e+03      
8.16250000e+02      1.09237088e+03      
8.18750000e+02      1.06283755e+03      
8.21250000e+02      1.05280830e+03      
8.23750000e+02      1.06524255e+03      
8.26250000e+02      1.06461932e+03      
8.28750000e+02      1.05425679e+03      
8.31250000e+02      1.04960398e+03      
8.33750000e+02      1.01623649e+03      
8.35932497e+02      1.03758050e+03      
8.37797491e+02      1.02776436e+03      
8.39662485e+02      1.02212811e+03      
8.41527480e+02      1.02457530e+03      
8.42777480e+02      1.00229784e+03      
8.43412485e+02      9.95909484e+02      
8.44047491e+02      9.89354279e+02      
8.44682497e+02      1.01849341e+03      
8.46250000e+02      1.00882024e+03      
8.48750000e+02      9.74573518e+02      
8.51250000e+02      9.49852313e+02      
8.53750000e+02      8.47255919e+02      
8.56250000e+02      9.63304400e+02      
8.58750000e+02      9.69226799e+02      
8.61250000e+02      9.74878397e+02      
8.63750000e+02      9.87980292e+02      
8.66250000e+02      8.96649578e+02      
8.68750000e+02      9.66320719e+02      
8.71250000e+02      9.85358315e+02      
8.73750000e+02      9.66445720e+02      
8.76250000e+02      9.46365983e+02      
8.78750000e+02      9.51495175e+02      
8.81250000e+02      9.27915041e+02      
8.83750000e+02      9.31836801e+02      
8.85783196e+02      9.22685166e+02      
8.87349589e+02      9.08132738e+02      
8.88915982e+02      9.27157438e+02      
8.90482375e+02      9.30162026e+02      
8.91732375e+02      9.18312291e+02      
8.92665982e+02      8.96009392e+02      
8.93599589e+02      9.12868331e+02      
8.94533196e+02      8.94745246e+02      
8.96250000e+02      9.10006257e+02      
8.98750000e+02      9.01752139e+02      
9.01250000e+02      8.58838517e+02      
9.03750000e+02      8.96060797e+02      
9.06250000e+02      8.86305334e+02      
9.08750000e+02      8.61779785e+02      
9.11250000e+02      8.64606423e+02      
9.13750000e+02      8.77673377e+02      
9.16250000e+02      8.66189856e+02      
9.18750000e+02      8.62423676e+02      
9.21250000e+02      8.39190277e+02      
9.23750000e+02      8.20699097e+02      
9.26250000e+02      8.31956900e+02      
9.28750000e+02      8.43973635e+02      
9.31250000e+02      8.41252218e+02      
9.33750000e+02      8.39552426e+02      
9.36250000e+02      8.27433030e+02      
9.38750000e+02      8.27102993e+02      
9.41250000e+02      7.95704803e+02      
9.43750000e+02      8.07095869e+02      
9.46250000e+02      8.11161588e+02      
9.48750000e+02      8.12846553e+02      
9.51250000e+02      8.03826127e+02      
9.53750000e+02      7.86389961e+02      
9.55817304e+02      7.73063911e+02      
9.57451913e+02      7.86762358e+02      
9.59086521e+02      7.94651152e+02      
9.60721130e+02      7.81028494e+02      
9.61971130e+02      7.87653880e+02      
9.62836521e+02      7.74099977e+02      
9.63701913e+02      7.74064043e+02      
9.64567304e+02      7.77599319e+02      
9.66250000e+02      7.69286326e+02      
9.68750000e+02      7.71017712e+02      
9.71250000e+02      7.69314015e+02      
9.73750000e+02      7.57852363e+02      
9.76250000e+02      7.57972055e+02      
9.78750000e+02      7.53257937e+02      
9.81250000e+02      7.53964219e+02      
9.83750000e+02      7.48002572e+02      
9.86250000e+02      7.43546697e+02      
9.88750000e+02      7.36217871e+02      
9.91250000e+02      7.34493626e+02      
9.93750000e+02      7.34825267e+02      
9.96250000e+02      7.30859564e+02      
9.98750000e+02      7.26399530e+02      
1.00125000e+03      7.24504160e+02      
1.00375000e+03      7.06513746e+02      
1.00625000e+03      6.91178980e+02      
1.00875000e+03      7.11138266e+02      
1.01125000e+03      7.07631549e+02      
1.01375000e+03      7.01319889e+02      
1.01625000e+03      6.94760043e+02      
1.01875000e+03      6.87870273e+02      
1.02125000e+03      6.85957299e+02      
1.02375000e+03      6.90370035e+02      
1.02625000e+03      6.87170974e+02      
1.02875000e+03      6.81546823e+02      
1.03125000e+03      6.78226610e+02      
1.03375000e+03      6.66345548e+02      
1.03515868e+03      6.62029892e+02      
1.03547603e+03      6.70399453e+02      
1.03579339e+03      6.71670639e+02      
1.03611075e+03      6.72221167e+02      
1.03736075e+03      6.60367322e+02      
1.03954339e+03      6.63047247e+02      
1.04172603e+03      6.61641553e+02      
1.04390868e+03      6.59157088e+02      
1.04625000e+03      6.47601350e+02      
1.04875000e+03      6.54416642e+02      
1.05125000e+03      6.50147868e+02      
1.05375000e+03      6.46311362e+02      
1.05625000e+03      6.47004282e+02      
1.05875000e+03      6.33829782e+02      
1.06125000e+03      6.32614978e+02      
1.06375000e+03      6.33500197e+02      
1.06556484e+03      6.34296885e+02      
1.06669451e+03      6.20871548e+02      
1.06782418e+03      6.29884562e+02      
1.06895385e+03      5.97174855e+02      
1.07020385e+03      6.18975330e+02      
1.07157418e+03      6.23755282e+02      
1.07294451e+03      6.11450585e+02      
1.07431484e+03      6.17364792e+02      
1.07625000e+03      6.17790921e+02      
1.07875000e+03      6.12548352e+02      
1.08125000e+03      6.04850982e+02      
1.08375000e+03      6.00960530e+02      
1.08687500e+03      5.98128136e+02      
1.09062500e+03      5.99559068e+02      
1.09437500e+03      5.72211556e+02      
1.09812500e+03      5.80339594e+02      
1.10374294e+03      5.79547818e+02      
1.11122881e+03      5.74095388e+02      
1.11871468e+03      5.64755945e+02      
1.12620055e+03      5.52202407e+02      
1.13903128e+03      5.38832470e+02      
1.15720685e+03      5.23788827e+02      
1.17538242e+03      5.06114908e+02      
1.19355799e+03      4.88231732e+02      
1.21571375e+03      4.71854482e+02      
1.24184971e+03      4.51957457e+02      
1.26798566e+03      4.34242984e+02      
1.29412161e+03      4.12765055e+02      
1.32261778e+03      3.95480349e+02      
1.35347418e+03      3.77261026e+02      
1.38433059e+03      3.59712662e+02      
1.41518699e+03      3.40793507e+02      
1.44740644e+03      3.24783728e+02      
1.48098895e+03      3.07352941e+02      
1.51457146e+03      2.89892906e+02      
1.54815397e+03      2.75106120e+02      
1.58029753e+03      2.58170208e+02      
1.61100215e+03      2.46056126e+02      
1.64170676e+03      2.32207025e+02      
1.67241138e+03      2.18462959e+02      
1.70956790e+03      2.05761799e+02      
1.75317633e+03      1.88138015e+02      
1.79678476e+03      1.73654076e+02      
1.84039319e+03      1.60882330e+02      
1.88194796e+03      1.47328660e+02      
1.92144910e+03      1.38578677e+02      
1.96095023e+03      1.27526988e+02      
2.00045136e+03      1.19458129e+02      
2.04300708e+03      1.10626041e+02      
2.08861738e+03      1.02611336e+02      
2.13422769e+03      9.52076776e+01      
2.17983800e+03      8.70819644e+01      
2.23748645e+03      7.92068185e+01      
2.30717304e+03      7.04520726e+01      
2.37685964e+03      6.23839780e+01      
2.44654623e+03      5.64305977e+01      
2.50366265e+03      5.21275415e+01      
2.54820889e+03      4.88775922e+01      
2.59275514e+03      4.60382383e+01      
2.63730139e+03      4.32719767e+01      
2.69209120e+03      4.03032490e+01      
2.75712457e+03      3.72257270e+01      
2.82215795e+03      3.43087684e+01      
2.88719133e+03      3.16098966e+01      
2.95966840e+03      2.89771128e+01      
3.03958917e+03      2.64365458e+01      
3.11950994e+03      2.41145503e+01      
3.19943070e+03      2.20290003e+01      
3.28153443e+03      2.01258387e+01      
3.36582112e+03      1.83849660e+01      
3.45010781e+03      1.68265179e+01      
3.53439450e+03      1.53800356e+01      
3.63067350e+03      1.39552324e+01      
3.73894480e+03      1.25858981e+01      
3.84721610e+03      1.13456562e+01      
3.95548740e+03      1.03315250e+01      
4.02990538e+03      9.64664957e+00      
4.07047004e+03      9.22412399e+00      
4.11103469e+03      8.90029486e+00      
4.15159935e+03      8.53322930e+00      
4.21857828e+03      8.04905059e+00      
4.31197149e+03      7.46842494e+00      
4.40536469e+03      6.90204720e+00      
4.49875790e+03      6.39292161e+00      
4.58702880e+03      5.94937985e+00      
4.67017740e+03      5.56009088e+00      
4.75332600e+03      5.20871266e+00      
4.83647460e+03      4.89068035e+00      
4.90931845e+03      4.62797840e+00      
4.97185755e+03      4.40344760e+00      
5.03439665e+03      4.20494182e+00      
5.09693575e+03      4.01226523e+00      
5.16285533e+03      3.82362259e+00      
5.23215538e+03      3.64053428e+00      
5.30145544e+03      3.46512402e+00      
5.37075549e+03      3.29824198e+00      
5.44401556e+03      3.13602248e+00      
5.52123564e+03      2.97435929e+00      
5.59845573e+03      2.82376509e+00      
5.67567581e+03      2.68056029e+00      
5.75757587e+03      2.53960371e+00      
5.84415591e+03      2.40234679e+00      
5.93073595e+03      2.27267618e+00      
6.01731598e+03      2.14951480e+00      
6.10948187e+03      2.02943326e+00      
6.20723361e+03      1.91256947e+00      
6.30498534e+03      1.80293494e+00      
6.40273708e+03      1.69930101e+00      
6.50723028e+03      1.59819854e+00      
6.61846495e+03      1.49958860e+00      
6.72969961e+03      1.40809902e+00      
6.84093428e+03      1.32072953e+00      
6.96040857e+03      1.23688067e+00      
7.08812249e+03      1.15547101e+00      
7.21583641e+03      1.07928861e+00      
7.34355032e+03      1.01023169e+00      
7.46187353e+03      9.50520962e-01      
7.57080603e+03      8.98228174e-01      
7.67973852e+03      8.50550774e-01      
7.78867102e+03      8.05169375e-01      
7.90441173e+03      7.60795222e-01      
8.02696067e+03      7.17704204e-01      
8.14950961e+03      6.77222216e-01      
8.27205855e+03      6.37529413e-01      
8.41982520e+03      5.95804742e-01      
8.59280956e+03      5.52739555e-01      
8.76579392e+03      5.11613198e-01      
8.93877828e+03      4.76756256e-01      
9.07082057e+03      4.50419710e-01      
9.16192079e+03      4.31458831e-01      
9.25302100e+03      4.15219871e-01      
9.34412122e+03      3.98654867e-01      
9.46596241e+03      3.79252869e-01      
9.61854458e+03      3.57650145e-01      
9.77112675e+03      3.36579447e-01      
9.92370892e+03      3.16914773e-01      
1.00797873e+04      2.98222076e-01      
1.02393618e+04      2.80727873e-01      
1.03989363e+04      2.64430076e-01      
1.05585108e+04      2.48872598e-01      
1.07370822e+04      2.33179193e-01      
1.09346507e+04      2.17659160e-01      
1.11322191e+04      2.03075886e-01      
1.13297875e+04      1.89023923e-01      
1.15625002e+04      1.74698621e-01      
1.18303573e+04      1.60301802e-01      
1.20982144e+04      1.46901401e-01      
1.23660715e+04      1.34489308e-01      
1.26736112e+04      1.22238657e-01      
1.30208335e+04      1.10327295e-01      
1.33680558e+04      9.95712260e-02      
1.37152781e+04      9.02871794e-02      
1.40268412e+04      8.27136059e-02      
1.43027449e+04      7.64331947e-02      
1.45786486e+04      7.09356493e-02      
1.48545523e+04      6.58585894e-02      
1.51443729e+04      6.10683185e-02      
1.54481106e+04      5.65604488e-02      
1.57518482e+04      5.23811981e-02      
1.60555859e+04      4.82748399e-02      
1.64751008e+04      4.36540377e-02      
1.70103929e+04      3.87692834e-02      
1.75456851e+04      3.43315459e-02      
1.80809772e+04      3.05687174e-02      
1.85802979e+04      2.74586321e-02      
1.90436473e+04      2.48705632e-02      
1.95069966e+04      2.26343497e-02      
1.99703460e+04      2.05440091e-02      
2.05176771e+04      1.84762701e-02      
2.11489899e+04      1.64655803e-02      
2.17803028e+04      1.46638577e-02      
2.24116156e+04      1.30247388e-02      
2.31758368e+04      1.14182167e-02      
2.40729663e+04      9.88453013e-03      
2.49700959e+04      8.55348941e-03      
2.58672254e+04      7.42659650e-03      
2.68141952e+04      6.44434012e-03      
2.78110051e+04      5.58680056e-03      
2.88078151e+04      4.86131718e-03      
2.98046250e+04      4.22380773e-03      
3.09794371e+04      3.62655085e-03      
3.23322513e+04      3.07962118e-03      
3.36850655e+04      2.61758864e-03      
3.50378797e+04      2.20653904e-03      
3.69318190e+04      1.79394476e-03      
3.93668833e+04      1.41355176e-03      
4.18019476e+04      1.11331219e-03      
4.42370119e+04      8.71925915e-04      
4.75852261e+04      6.54501496e-04      
5.18465900e+04      4.74574764e-04      
5.61079540e+04      3.46370689e-04      
6.03693180e+04      2.48745407e-04      
6.71875000e+04      1.63965213e-04      
7.65625000e+04      1.01268995e-04      
8.59375000e+04      6.37493053e-05      
9.53125000e+04      4.40937502e-05      
1.00000000e+05      1.94577051e-05      
